hitter_id,player,team,opponent,game_start_time,game_status,batting_order,pitcher,pitcher_id,pitcher_hand,hitter_hand,barrel_pct,iso,avg_exit_velocity,ev50,xslg,xiso,xwoba,bat_speed,fast_swing_pct,pull_pct,fb_pct,hard_hit_pct,hr_total,pitcher_barrel_pct_allowed,pitcher_hard_hit_pct_allowed,pitcher_avg_exit_velocity_allowed,pitcher_xslg_allowed,pitcher_xiso_allowed,pitcher_fb_pct_allowed,pitcher_hr_allowed,pitcher_hr_allowed_vs_lhh,pitcher_hr_allowed_vs_rhh,ballpark,park_hr_factor,weather_temp,wind_speed,wind_direction,weather_source,weather_url,weather_humidity,weather_precip_pct,confirmed_lineup,rotowire_confirmed_lineup,rotowire_batting_order,rotowire_player_found,lineup_disagreement,lineup_sources_used,source_warnings,stat_years_used,bvp_pa,bvp_hr,bvp_note,recent_games,recent_hits,recent_abs,recent_hr,recent_form_note,split_matchup_note,pitch_mix_note,public_attention,odds
668885,Austin Martin,MIN,CLE,2026-07-21T22:40:00Z,Scheduled,1,Parker Messick,800048,L,R,3.12,0.0774,86.76,97.2066,0.347,0.0932,0.3226,68.83,4.27,38.55,22.45,31.32,1.7,5.52,31.97,87.47,0.3484,0.1177,21.68,8.2,8.2,8.2,Progressive Field,100,79,6,162 deg,Open-Meteo forecast; MLB fallback,https://forecast.weather.gov/MapClick.php?lat=41.4962&lon=-81.6852,48,0,No,No,1,Yes,Yes,RotoWire projected lineup; MLB probable pitchers,lineup projected / unconfirmed,H:2026/2025 P:2026/2025,,,Direct BvP not yet weighted; 2026/2025 Statcast baseline active,7,2,12,0,"Last 7 games: 2/12, 0 HR","platoon edge; pitcher baseline 5.5% barrel, 8.2 HR allowed",neutral batted-ball profile; pitcher fly-ball pressure modest,,
621439,Byron Buxton,MIN,CLE,2026-07-21T22:40:00Z,Scheduled,2,Parker Messick,800048,L,R,18.19,0.2968,91.24,102.4519,0.5154,0.2653,0.35,74.44,43.64,48.1,35.61,48.97,28.0,5.52,31.97,87.47,0.3484,0.1177,21.68,8.2,8.2,8.2,Progressive Field,100,79,6,162 deg,Open-Meteo forecast; MLB fallback,https://forecast.weather.gov/MapClick.php?lat=41.4962&lon=-81.6852,48,0,No,No,2,Yes,Yes,RotoWire projected lineup; MLB probable pitchers,lineup projected / unconfirmed,H:2026/2025 P:2026/2025,,,Direct BvP not yet weighted; 2026/2025 Statcast baseline active,7,7,25,0,"Last 7 games: 7/25, 0 HR","platoon edge; pitcher baseline 5.5% barrel, 8.2 HR allowed",fly-ball profile; pitcher fly-ball pressure modest,,
680777,Ryan Jeffers,MIN,CLE,2026-07-21T22:40:00Z,Scheduled,3,Parker Messick,800048,L,R,11.62,0.2157,90.28,101.295,0.456,0.2018,0.3642,73.0,36.5,38.44,29.5,41.26,8.3,5.52,31.97,87.47,0.3484,0.1177,21.68,8.2,8.2,8.2,Progressive Field,100,79,6,162 deg,Open-Meteo forecast; MLB fallback,https://forecast.weather.gov/MapClick.php?lat=41.4962&lon=-81.6852,48,0,No,No,3,Yes,Yes,RotoWire projected lineup; MLB probable pitchers,lineup projected / unconfirmed,H:2026/2025 P:2026/2025,,,Direct BvP not yet weighted; 2026/2025 Statcast baseline active,7,7,23,2,Hot streak: 2 HR in last 7 games,"platoon edge; pitcher baseline 5.5% barrel, 8.2 HR allowed",neutral batted-ball profile; pitcher fly-ball pressure modest,,
605137,Josh Bell,MIN,CLE,2026-07-21T22:40:00Z,Scheduled,4,Parker Messick,800048,L,S,10.77,0.1772,90.05,101.0065,0.4577,0.2052,0.3366,72.4,28.74,41.5,26.71,44.41,15.7,5.52,31.97,87.47,0.3484,0.1177,21.68,8.2,8.2,8.2,Progressive Field,100,79,6,162 deg,Open-Meteo forecast; MLB fallback,https://forecast.weather.gov/MapClick.php?lat=41.4962&lon=-81.6852,48,0,No,No,4,Yes,Yes,RotoWire projected lineup; MLB probable pitchers,lineup projected / unconfirmed,H:2026/2025 P:2026/2025,,,Direct BvP not yet weighted; 2026/2025 Statcast baseline active,7,8,26,0,"Last 7 games: 8/26, 0 HR","switch hitter; pitcher baseline 5.5% barrel, 8.2 HR allowed",neutral batted-ball profile; pitcher fly-ball pressure modest,,
668904,Royce Lewis,MIN,CLE,2026-07-21T22:40:00Z,Scheduled,5,Parker Messick,800048,L,R,11.64,0.1692,89.59,100.7257,0.3951,0.1663,0.3033,74.37,47.71,47.84,31.62,41.77,10.9,5.52,31.97,87.47,0.3484,0.1177,21.68,8.2,8.2,8.2,Progressive Field,100,79,6,162 deg,Open-Meteo forecast; MLB fallback,https://forecast.weather.gov/MapClick.php?lat=41.4962&lon=-81.6852,48,0,No,No,5,Yes,Yes,RotoWire projected lineup; MLB probable pitchers,lineup projected / unconfirmed,H:2026/2025 P:2026/2025,,,Direct BvP not yet weighted; 2026/2025 Statcast baseline active,7,7,24,2,Hot streak: 2 HR in last 7 games,"platoon edge; pitcher baseline 5.5% barrel, 8.2 HR allowed",neutral batted-ball profile; pitcher fly-ball pressure modest,,
605170,Victor Caratini,MIN,CLE,2026-07-21T22:40:00Z,Scheduled,6,Parker Messick,800048,L,S,7.49,0.1338,89.26,98.9648,0.4138,0.163,0.3339,71.39,16.04,38.9,24.6,39.09,8.5,5.52,31.97,87.47,0.3484,0.1177,21.68,8.2,8.2,8.2,Progressive Field,100,79,6,162 deg,Open-Meteo forecast; MLB fallback,https://forecast.weather.gov/MapClick.php?lat=41.4962&lon=-81.6852,48,0,No,No,6,Yes,Yes,RotoWire projected lineup; MLB probable pitchers,lineup projected / unconfirmed,H:2026/2025 P:2026/2025,,,Direct BvP not yet weighted; 2026/2025 Statcast baseline active,7,6,23,0,"Last 7 games: 6/23, 0 HR","switch hitter; pitcher baseline 5.5% barrel, 8.2 HR allowed",neutral batted-ball profile; pitcher fly-ball pressure modest,,
807712,Luke Keaschall,MIN,CLE,2026-07-21T22:40:00Z,Scheduled,7,Parker Messick,800048,L,R,3.66,0.1052,84.87,96.4811,0.3479,0.1069,0.3065,68.58,7.8,37.77,26.06,28.89,4.0,5.52,31.97,87.47,0.3484,0.1177,21.68,8.2,8.2,8.2,Progressive Field,100,79,6,162 deg,Open-Meteo forecast; MLB fallback,https://forecast.weather.gov/MapClick.php?lat=41.4962&lon=-81.6852,48,0,No,No,7,Yes,Yes,RotoWire projected lineup; MLB probable pitchers,lineup projected / unconfirmed,H:2026/2025 P:2026/2025,,,Direct BvP not yet weighted; 2026/2025 Statcast baseline active,7,7,19,0,Contact streak: 7/19 over last 7 games,"platoon edge; pitcher baseline 5.5% barrel, 8.2 HR allowed",neutral batted-ball profile; pitcher fly-ball pressure modest,,
686797,Brooks Lee,MIN,CLE,2026-07-21T22:40:00Z,Scheduled,8,Parker Messick,800048,L,S,4.33,0.1641,88.25,97.4605,0.346,0.1155,0.2806,69.99,8.42,41.78,27.88,33.81,14.6,5.52,31.97,87.47,0.3484,0.1177,21.68,8.2,8.2,8.2,Progressive Field,100,79,6,162 deg,Open-Meteo forecast; MLB fallback,https://forecast.weather.gov/MapClick.php?lat=41.4962&lon=-81.6852,48,0,No,No,8,Yes,Yes,RotoWire projected lineup; MLB probable pitchers,lineup projected / unconfirmed,H:2026/2025 P:2026/2025,,,Direct BvP not yet weighted; 2026/2025 Statcast baseline active,7,7,24,0,"Last 7 games: 7/24, 0 HR","switch hitter; pitcher baseline 5.5% barrel, 8.2 HR allowed",neutral batted-ball profile; pitcher fly-ball pressure modest,,
668952,Ryan Kreidler,MIN,CLE,2026-07-21T22:40:00Z,Scheduled,9,Parker Messick,800048,L,R,6.48,0.1134,87.99,98.9857,0.3376,0.1273,0.2752,73.45,35.94,44.7,26.55,33.15,3.5,5.52,31.97,87.47,0.3484,0.1177,21.68,8.2,8.2,8.2,Progressive Field,100,79,6,162 deg,Open-Meteo forecast; MLB fallback,https://forecast.weather.gov/MapClick.php?lat=41.4962&lon=-81.6852,48,0,No,No,9,Yes,Yes,RotoWire projected lineup; MLB probable pitchers,lineup projected / unconfirmed,H:2026/2025 P:2026/2025,,,Direct BvP not yet weighted; 2026/2025 Statcast baseline active,7,3,18,0,"Last 7 games: 3/18, 0 HR","platoon edge; pitcher baseline 5.5% barrel, 8.2 HR allowed",neutral batted-ball profile; pitcher fly-ball pressure modest,,
680757,Steven Kwan,CLE,MIN,2026-07-21T22:40:00Z,Scheduled,1,Kendry Rojas,696070,L,L,0.85,0.0712,84.03,92.3847,0.3352,0.0699,0.3135,63.07,0.38,27.81,23.79,12.51,4.0,8.5,36.2,86.1,0.284,0.096,27.7,1.0,1.0,1.0,Progressive Field,100,79,6,162 deg,Open-Meteo forecast; MLB fallback,https://forecast.weather.gov/MapClick.php?lat=41.4962&lon=-81.6852,48,0,No,No,1,Yes,Yes,RotoWire projected lineup; MLB probable pitchers,lineup projected / unconfirmed,H:2026/2025 P:2026,,,Direct BvP not yet weighted; 2026/2025 Statcast baseline active,7,11,24,0,Contact streak: 11/24 over last 7 games,"same-side matchup; pitcher baseline 8.5% barrel, 1.0 HR allowed",neutral batted-ball profile; pitcher fly-ball pressure modest,,
683953,Travis Bazzana,CLE,MIN,2026-07-21T22:40:00Z,Scheduled,2,Kendry Rojas,696070,L,L,5.1,0.173,88.3,98.6257,0.351,0.128,0.299,69.8,12.9,40.5,29.7,36.8,9.0,8.5,36.2,86.1,0.284,0.096,27.7,1.0,1.0,1.0,Progressive Field,100,79,6,162 deg,Open-Meteo forecast; MLB fallback,https://forecast.weather.gov/MapClick.php?lat=41.4962&lon=-81.6852,48,0,No,No,2,Yes,Yes,RotoWire projected lineup; MLB probable pitchers,lineup projected / unconfirmed,H:2026 P:2026,,,Direct BvP not yet weighted; 2026/2025 Statcast baseline active,7,7,27,2,Hot streak: 2 HR in last 7 games,"same-side matchup; pitcher baseline 8.5% barrel, 1.0 HR allowed",neutral batted-ball profile; pitcher fly-ball pressure modest,,
800050,Chase DeLauter,CLE,MIN,2026-07-21T22:40:00Z,Scheduled,3,Kendry Rojas,696070,L,L,6.7,0.171,91.0,101.4976,0.438,0.157,0.347,71.5,18.7,38.5,20.7,45.0,11.0,8.5,36.2,86.1,0.284,0.096,27.7,1.0,1.0,1.0,Progressive Field,100,79,6,162 deg,Open-Meteo forecast; MLB fallback,https://forecast.weather.gov/MapClick.php?lat=41.4962&lon=-81.6852,48,0,No,No,3,Yes,Yes,RotoWire projected lineup; MLB probable pitchers,lineup projected / unconfirmed,H:2026 P:2026,,,Direct BvP not yet weighted; 2026/2025 Statcast baseline active,7,10,28,2,Hot streak: 2 HR in last 7 games,"same-side matchup; pitcher baseline 8.5% barrel, 1.0 HR allowed",neutral batted-ball profile; pitcher fly-ball pressure modest,,
677587,Brayan Rocchio,CLE,MIN,2026-07-21T22:40:00Z,Scheduled,4,Kendry Rojas,696070,L,S,2.95,0.1259,87.02,97.5104,0.3594,0.1074,0.3013,70.07,7.71,44.55,23.69,33.19,7.8,8.5,36.2,86.1,0.284,0.096,27.7,1.0,1.0,1.0,Progressive Field,100,79,6,162 deg,Open-Meteo forecast; MLB fallback,https://forecast.weather.gov/MapClick.php?lat=41.4962&lon=-81.6852,48,0,No,No,4,Yes,Yes,RotoWire projected lineup; MLB probable pitchers,lineup projected / unconfirmed,H:2026/2025 P:2026,,,Direct BvP not yet weighted; 2026/2025 Statcast baseline active,7,8,31,2,Hot streak: 2 HR in last 7 games,"switch hitter; pitcher baseline 8.5% barrel, 1.0 HR allowed",neutral batted-ball profile; pitcher fly-ball pressure modest,,
700932,Kyle Manzardo,CLE,MIN,2026-07-21T22:40:00Z,Scheduled,5,Kendry Rojas,696070,L,L,11.24,0.1664,89.6,99.0876,0.3954,0.1731,0.3108,70.04,7.16,41.66,32.64,41.35,15.1,8.5,36.2,86.1,0.284,0.096,27.7,1.0,1.0,1.0,Progressive Field,100,79,6,162 deg,Open-Meteo forecast; MLB fallback,https://forecast.weather.gov/MapClick.php?lat=41.4962&lon=-81.6852,48,0,No,No,5,Yes,Yes,RotoWire projected lineup; MLB probable pitchers,lineup projected / unconfirmed,H:2026/2025 P:2026,,,Direct BvP not yet weighted; 2026/2025 Statcast baseline active,7,3,21,0,"Last 7 games: 3/21, 0 HR","same-side matchup; pitcher baseline 8.5% barrel, 1.0 HR allowed",neutral batted-ball profile; pitcher fly-ball pressure modest,,
696135,Kahlil Watson,CLE,MIN,2026-07-21T22:40:00Z,Scheduled,6,Kendry Rojas,696070,L,L,7.4,0.093,89.2,97.8924,0.323,0.122,0.24,72.9,26.6,37.0,25.9,31.5,1.0,8.5,36.2,86.1,0.284,0.096,27.7,1.0,1.0,1.0,Progressive Field,100,79,6,162 deg,Open-Meteo forecast; MLB fallback,https://forecast.weather.gov/MapClick.php?lat=41.4962&lon=-81.6852,48,0,No,No,6,Yes,Yes,RotoWire projected lineup; MLB probable pitchers,lineup projected / unconfirmed,H:2026 P:2026,,,Direct BvP not yet weighted; 2026/2025 Statcast baseline active,7,6,23,0,"Last 7 games: 6/23, 0 HR","same-side matchup; pitcher baseline 8.5% barrel, 1.0 HR allowed",neutral batted-ball profile; pitcher fly-ball pressure modest,,
672356,Gabriel Arias,CLE,MIN,2026-07-21T22:40:00Z,Scheduled,7,Kendry Rojas,696070,L,R,11.16,0.1633,91.25,103.1415,0.4011,0.1773,0.2895,74.61,46.4,36.1,19.4,47.99,6.8,8.5,36.2,86.1,0.284,0.096,27.7,1.0,1.0,1.0,Progressive Field,100,79,6,162 deg,Open-Meteo forecast; MLB fallback,https://forecast.weather.gov/MapClick.php?lat=41.4962&lon=-81.6852,48,0,No,No,7,Yes,Yes,RotoWire projected lineup; MLB probable pitchers,lineup projected / unconfirmed,H:2026/2025 P:2026,,,Direct BvP not yet weighted; 2026/2025 Statcast baseline active,7,6,21,1,"Last 7 games: 6/21, 1 HR","platoon edge; pitcher baseline 8.5% barrel, 1.0 HR allowed",neutral batted-ball profile; pitcher fly-ball pressure modest,,
672275,Patrick Bailey,CLE,MIN,2026-07-21T22:40:00Z,Scheduled,8,Kendry Rojas,696070,L,S,6.65,0.1002,89.53,99.135,0.3631,0.1405,0.278,72.58,28.61,31.31,25.78,39.2,4.6,8.5,36.2,86.1,0.284,0.096,27.7,1.0,1.0,1.0,Progressive Field,100,79,6,162 deg,Open-Meteo forecast; MLB fallback,https://forecast.weather.gov/MapClick.php?lat=41.4962&lon=-81.6852,48,0,No,No,8,Yes,Yes,RotoWire projected lineup; MLB probable pitchers,lineup projected / unconfirmed,H:2026/2025 P:2026,,,Direct BvP not yet weighted; 2026/2025 Statcast baseline active,7,8,23,2,Hot streak: 2 HR in last 7 games,"switch hitter; pitcher baseline 8.5% barrel, 1.0 HR allowed",neutral batted-ball profile; pitcher fly-ball pressure modest,,
690984,Petey Halpin,CLE,MIN,2026-07-21T22:40:00Z,Scheduled,9,Kendry Rojas,696070,L,L,6.58,0.1071,82.22,94.361,0.3122,0.1029,0.2741,70.29,7.07,41.39,35.22,21.14,1.4,8.5,36.2,86.1,0.284,0.096,27.7,1.0,1.0,1.0,Progressive Field,100,79,6,162 deg,Open-Meteo forecast; MLB fallback,https://forecast.weather.gov/MapClick.php?lat=41.4962&lon=-81.6852,48,0,No,No,9,Yes,Yes,RotoWire projected lineup; MLB probable pitchers,lineup projected / unconfirmed,H:2026/2025 P:2026,,,Direct BvP not yet weighted; 2026/2025 Statcast baseline active,7,7,22,2,Hot streak: 2 HR in last 7 games,"same-side matchup; pitcher baseline 8.5% barrel, 1.0 HR allowed",fly-ball profile; pitcher fly-ball pressure modest,,
660271,Shohei Ohtani,LAD,PHI,2026-07-21T22:40:00Z,Scheduled,1,Zack Wheeler,554430,R,L,19.02,0.2749,93.85,104.2714,0.5958,0.3106,0.4145,75.03,53.5,47.82,32.9,54.64,31.9,6.29,34.38,86.63,0.3116,0.1142,24.55,12.7,12.7,12.7,Citizens Bank Park,112,81,5,182 deg,Open-Meteo forecast; MLB fallback,https://forecast.weather.gov/MapClick.php?lat=39.9061&lon=-75.1665,43,0,No,No,1,Yes,Yes,RotoWire projected lineup; MLB probable pitchers,lineup projected / unconfirmed,H:2026/2025 P:2026/2025,,,Direct BvP not yet weighted; 2026/2025 Statcast baseline active,7,7,28,2,Hot streak: 2 HR in last 7 games,"platoon edge; pitcher baseline 6.3% barrel, 12.7 HR allowed",lift-pull EV profile; pitcher fly-ball pressure modest,,
681624,Andy Pages,LAD,PHI,2026-07-21T22:40:00Z,Scheduled,2,Zack Wheeler,554430,R,R,8.33,0.1939,88.88,100.1102,0.4392,0.1742,0.3328,72.88,27.1,36.29,29.42,41.96,20.0,6.29,34.38,86.63,0.3116,0.1142,24.55,12.7,12.7,12.7,Citizens Bank Park,112,81,5,182 deg,Open-Meteo forecast; MLB fallback,https://forecast.weather.gov/MapClick.php?lat=39.9061&lon=-75.1665,43,0,No,No,2,Yes,Yes,RotoWire projected lineup; MLB probable pitchers,lineup projected / unconfirmed,H:2026/2025 P:2026/2025,,,Direct BvP not yet weighted; 2026/2025 Statcast baseline active,7,9,26,1,Contact streak: 9/26 over last 7 games,"same-side matchup; pitcher baseline 6.3% barrel, 12.7 HR allowed",neutral batted-ball profile; pitcher fly-ball pressure modest,,
518692,Freddie Freeman,LAD,PHI,2026-07-21T22:40:00Z,Scheduled,3,Zack Wheeler,554430,R,L,10.33,0.1944,90.69,100.8511,0.4866,0.2035,0.3703,70.32,8.75,36.54,29.45,45.14,17.7,6.29,34.38,86.63,0.3116,0.1142,24.55,12.7,12.7,12.7,Citizens Bank Park,112,81,5,182 deg,Open-Meteo forecast; MLB fallback,https://forecast.weather.gov/MapClick.php?lat=39.9061&lon=-75.1665,43,0,No,No,3,Yes,Yes,RotoWire projected lineup; MLB probable pitchers,lineup projected / unconfirmed,H:2026/2025 P:2026/2025,,,Direct BvP not yet weighted; 2026/2025 Statcast baseline active,7,3,24,0,"Last 7 games: 3/24, 0 HR","platoon edge; pitcher baseline 6.3% barrel, 12.7 HR allowed",neutral batted-ball profile; pitcher fly-ball pressure modest,,
605141,Mookie Betts,LAD,PHI,2026-07-21T22:40:00Z,Scheduled,4,Zack Wheeler,554430,R,R,7.67,0.1802,90.08,98.5961,0.4353,0.1623,0.3342,69.35,7.44,40.31,35.55,37.83,15.1,6.29,34.38,86.63,0.3116,0.1142,24.55,12.7,12.7,12.7,Citizens Bank Park,112,81,5,182 deg,Open-Meteo forecast; MLB fallback,https://forecast.weather.gov/MapClick.php?lat=39.9061&lon=-75.1665,43,0,No,No,4,Yes,Yes,RotoWire projected lineup; MLB probable pitchers,lineup projected / unconfirmed,H:2026/2025 P:2026/2025,,,Direct BvP not yet weighted; 2026/2025 Statcast baseline active,7,6,25,2,Hot streak: 2 HR in last 7 games,"same-side matchup; pitcher baseline 6.3% barrel, 12.7 HR allowed",fly-ball profile; pitcher fly-ball pressure modest,,
691777,Max Muncy,LAD,PHI,2026-07-21T22:40:00Z,Scheduled,5,Zack Wheeler,554430,R,R,10.8,0.1678,89.69,101.5962,0.3663,0.1528,0.2866,74.08,44.98,43.1,23.63,43.67,6.2,6.29,34.38,86.63,0.3116,0.1142,24.55,12.7,12.7,12.7,Citizens Bank Park,112,81,5,182 deg,Open-Meteo forecast; MLB fallback,https://forecast.weather.gov/MapClick.php?lat=39.9061&lon=-75.1665,43,0,No,No,5,Yes,Yes,RotoWire projected lineup; MLB probable pitchers,lineup projected / unconfirmed,H:2026/2025 P:2026/2025,,,Direct BvP not yet weighted; 2026/2025 Statcast baseline active,7,5,23,0,"Last 7 games: 5/23, 0 HR","same-side matchup; pitcher baseline 6.3% barrel, 12.7 HR allowed",neutral batted-ball profile; pitcher fly-ball pressure modest,,
663656,Kyle Tucker,LAD,PHI,2026-07-21T22:40:00Z,Scheduled,6,Zack Wheeler,554430,R,L,7.16,0.1483,89.19,98.8045,0.4158,0.1507,0.3447,71.51,20.87,44.08,31.16,38.93,11.5,6.29,34.38,86.63,0.3116,0.1142,24.55,12.7,12.7,12.7,Citizens Bank Park,112,81,5,182 deg,Open-Meteo forecast; MLB fallback,https://forecast.weather.gov/MapClick.php?lat=39.9061&lon=-75.1665,43,0,No,No,6,Yes,Yes,RotoWire projected lineup; MLB probable pitchers,lineup projected / unconfirmed,H:2026/2025 P:2026/2025,,,Direct BvP not yet weighted; 2026/2025 Statcast baseline active,7,4,27,0,"Last 7 games: 4/27, 0 HR","platoon edge; pitcher baseline 6.3% barrel, 12.7 HR allowed",neutral batted-ball profile; pitcher fly-ball pressure modest,,
606192,Teoscar Hernandez,LAD,PHI,2026-07-21T22:40:00Z,Scheduled,7,Zack Wheeler,554430,R,R,10.24,0.1594,90.06,101.0287,0.4263,0.1808,0.3216,72.34,24.7,32.26,30.22,45.47,13.1,6.29,34.38,86.63,0.3116,0.1142,24.55,12.7,12.7,12.7,Citizens Bank Park,112,81,5,182 deg,Open-Meteo forecast; MLB fallback,https://forecast.weather.gov/MapClick.php?lat=39.9061&lon=-75.1665,43,0,No,No,7,Yes,Yes,RotoWire projected lineup; MLB probable pitchers,lineup projected / unconfirmed,H:2026/2025 P:2026/2025,,,Direct BvP not yet weighted; 2026/2025 Statcast baseline active,7,3,25,0,"Last 7 games: 3/25, 0 HR","same-side matchup; pitcher baseline 6.3% barrel, 12.7 HR allowed",neutral batted-ball profile; pitcher fly-ball pressure modest,,
687221,Dalton Rushing,LAD,PHI,2026-07-21T22:40:00Z,Scheduled,8,Zack Wheeler,554430,R,L,12.25,0.1837,89.54,101.5901,0.3993,0.1697,0.3173,72.61,18.17,48.03,27.76,43.76,8.2,6.29,34.38,86.63,0.3116,0.1142,24.55,12.7,12.7,12.7,Citizens Bank Park,112,81,5,182 deg,Open-Meteo forecast; MLB fallback,https://forecast.weather.gov/MapClick.php?lat=39.9061&lon=-75.1665,43,0,No,No,8,Yes,Yes,RotoWire projected lineup; MLB probable pitchers,lineup projected / unconfirmed,H:2026/2025 P:2026/2025,,,Direct BvP not yet weighted; 2026/2025 Statcast baseline active,7,0,16,0,"Last 7 games: 0/16, 0 HR","platoon edge; pitcher baseline 6.3% barrel, 12.7 HR allowed",neutral batted-ball profile; pitcher fly-ball pressure modest,,
669242,Tommy Edman,LAD,PHI,2026-07-21T22:40:00Z,Scheduled,9,Zack Wheeler,554430,R,S,7.93,0.1626,89.77,100.4553,0.4495,0.1398,0.3679,70.48,12.77,44.49,23.7,40.39,5.3,6.29,34.38,86.63,0.3116,0.1142,24.55,12.7,12.7,12.7,Citizens Bank Park,112,81,5,182 deg,Open-Meteo forecast; MLB fallback,https://forecast.weather.gov/MapClick.php?lat=39.9061&lon=-75.1665,43,0,No,No,9,Yes,Yes,RotoWire projected lineup; MLB probable pitchers,lineup projected / unconfirmed,H:2026/2025 P:2026/2025,,,Direct BvP not yet weighted; 2026/2025 Statcast baseline active,7,8,22,1,Contact streak: 8/22 over last 7 games,"switch hitter; pitcher baseline 6.3% barrel, 12.7 HR allowed",neutral batted-ball profile; pitcher fly-ball pressure modest,,
607208,Trea Turner,PHI,LAD,2026-07-21T22:40:00Z,Scheduled,1,Justin Wrobleski,680736,L,R,6.5,0.1509,88.95,99.4974,0.3848,0.1337,0.3028,71.48,18.64,33.49,26.32,41.33,14.3,6.46,44.37,90.53,0.3989,0.1416,28.28,7.4,7.4,7.4,Citizens Bank Park,112,81,5,182 deg,Open-Meteo forecast; MLB fallback,https://forecast.weather.gov/MapClick.php?lat=39.9061&lon=-75.1665,43,0,No,No,1,Yes,Yes,RotoWire projected lineup; MLB probable pitchers,lineup projected / unconfirmed,H:2026/2025 P:2026/2025,,,Direct BvP not yet weighted; 2026/2025 Statcast baseline active,7,9,26,4,Hot streak: 4 HR in last 7 games,"platoon edge; pitcher baseline 6.5% barrel, 7.4 HR allowed",neutral batted-ball profile; pitcher fly-ball pressure modest,,
656941,Kyle Schwarber,PHI,LAD,2026-07-21T22:40:00Z,Scheduled,2,Justin Wrobleski,680736,L,L,19.68,0.3104,93.74,104.6639,0.5348,0.291,0.3828,77.16,75.98,54.7,34.79,55.19,39.9,6.46,44.37,90.53,0.3989,0.1416,28.28,7.4,7.4,7.4,Citizens Bank Park,112,81,5,182 deg,Open-Meteo forecast; MLB fallback,https://forecast.weather.gov/MapClick.php?lat=39.9061&lon=-75.1665,43,0,No,No,2,Yes,Yes,RotoWire projected lineup; MLB probable pitchers,lineup projected / unconfirmed,H:2026/2025 P:2026/2025,,,Direct BvP not yet weighted; 2026/2025 Statcast baseline active,7,5,25,1,"Last 7 games: 5/25, 1 HR","same-side matchup; pitcher baseline 6.5% barrel, 7.4 HR allowed",lift-pull EV profile; pitcher fly-ball pressure modest,,
547180,Bryce Harper,PHI,LAD,2026-07-21T22:40:00Z,Scheduled,3,Justin Wrobleski,680736,L,L,11.6,0.2351,90.46,101.9895,0.5039,0.2317,0.3813,74.34,46.96,38.89,28.43,46.31,22.8,6.46,44.37,90.53,0.3989,0.1416,28.28,7.4,7.4,7.4,Citizens Bank Park,112,81,5,182 deg,Open-Meteo forecast; MLB fallback,https://forecast.weather.gov/MapClick.php?lat=39.9061&lon=-75.1665,43,0,No,No,3,Yes,Yes,RotoWire projected lineup; MLB probable pitchers,lineup projected / unconfirmed,H:2026/2025 P:2026/2025,,,Direct BvP not yet weighted; 2026/2025 Statcast baseline active,7,6,26,1,"Last 7 games: 6/26, 1 HR","same-side matchup; pitcher baseline 6.5% barrel, 7.4 HR allowed",neutral batted-ball profile; pitcher fly-ball pressure modest,,
664761,Alec Bohm,PHI,LAD,2026-07-21T22:40:00Z,Scheduled,4,Justin Wrobleski,680736,L,R,5.64,0.1353,90.52,100.1853,0.3822,0.1313,0.3051,70.93,12.53,28.7,21.67,43.32,11.7,6.46,44.37,90.53,0.3989,0.1416,28.28,7.4,7.4,7.4,Citizens Bank Park,112,81,5,182 deg,Open-Meteo forecast; MLB fallback,https://forecast.weather.gov/MapClick.php?lat=39.9061&lon=-75.1665,43,0,No,No,4,Yes,Yes,RotoWire projected lineup; MLB probable pitchers,lineup projected / unconfirmed,H:2026/2025 P:2026/2025,,,Direct BvP not yet weighted; 2026/2025 Statcast baseline active,7,5,29,1,"Last 7 games: 5/29, 1 HR","platoon edge; pitcher baseline 6.5% barrel, 7.4 HR allowed",neutral batted-ball profile; pitcher fly-ball pressure modest,,
624641,Edmundo Sosa,PHI,LAD,2026-07-21T22:40:00Z,Scheduled,5,Justin Wrobleski,680736,L,R,7.07,0.1587,87.7,99.8344,0.44,0.1642,0.3243,72.23,25.64,41.03,19.54,39.54,6.8,6.46,44.37,90.53,0.3989,0.1416,28.28,7.4,7.4,7.4,Citizens Bank Park,112,81,5,182 deg,Open-Meteo forecast; MLB fallback,https://forecast.weather.gov/MapClick.php?lat=39.9061&lon=-75.1665,43,0,No,No,5,Yes,Yes,RotoWire projected lineup; MLB probable pitchers,lineup projected / unconfirmed,H:2026/2025 P:2026/2025,,,Direct BvP not yet weighted; 2026/2025 Statcast baseline active,7,4,21,0,"Last 7 games: 4/21, 0 HR","platoon edge; pitcher baseline 6.5% barrel, 7.4 HR allowed",neutral batted-ball profile; pitcher fly-ball pressure modest,,
669016,Brandon Marsh,PHI,LAD,2026-07-21T22:40:00Z,Scheduled,6,Justin Wrobleski,680736,L,L,9.1,0.1812,90.12,100.3461,0.4334,0.1676,0.3223,71.47,15.33,38.26,26.38,45.49,14.5,6.46,44.37,90.53,0.3989,0.1416,28.28,7.4,7.4,7.4,Citizens Bank Park,112,81,5,182 deg,Open-Meteo forecast; MLB fallback,https://forecast.weather.gov/MapClick.php?lat=39.9061&lon=-75.1665,43,0,No,No,6,Yes,Yes,RotoWire projected lineup; MLB probable pitchers,lineup projected / unconfirmed,H:2026/2025 P:2026/2025,,,Direct BvP not yet weighted; 2026/2025 Statcast baseline active,7,3,26,1,"Last 7 games: 3/26, 1 HR","same-side matchup; pitcher baseline 6.5% barrel, 7.4 HR allowed",neutral batted-ball profile; pitcher fly-ball pressure modest,,
592663,J.T. Realmuto,PHI,LAD,2026-07-21T22:40:00Z,Scheduled,7,Justin Wrobleski,680736,L,R,6.0,0.1305,89.51,99.8345,0.3872,0.137,0.3146,72.84,31.27,39.43,26.36,41.09,8.5,6.46,44.37,90.53,0.3989,0.1416,28.28,7.4,7.4,7.4,Citizens Bank Park,112,81,5,182 deg,Open-Meteo forecast; MLB fallback,https://forecast.weather.gov/MapClick.php?lat=39.9061&lon=-75.1665,43,0,No,No,7,Yes,Yes,RotoWire projected lineup; MLB probable pitchers,lineup projected / unconfirmed,H:2026/2025 P:2026/2025,,,Direct BvP not yet weighted; 2026/2025 Statcast baseline active,7,8,24,0,Contact streak: 8/24 over last 7 games,"platoon edge; pitcher baseline 6.5% barrel, 7.4 HR allowed",neutral batted-ball profile; pitcher fly-ball pressure modest,,
656537,Derek Hill,PHI,LAD,2026-07-21T22:40:00Z,Scheduled,8,Justin Wrobleski,680736,L,R,11.76,0.1722,90.78,100.5434,0.4062,0.1724,0.3048,71.87,18.79,36.96,23.41,39.81,6.5,6.46,44.37,90.53,0.3989,0.1416,28.28,7.4,7.4,7.4,Citizens Bank Park,112,81,5,182 deg,Open-Meteo forecast; MLB fallback,https://forecast.weather.gov/MapClick.php?lat=39.9061&lon=-75.1665,43,0,No,No,8,Yes,Yes,RotoWire projected lineup; MLB probable pitchers,lineup projected / unconfirmed,H:2026/2025 P:2026/2025,,,Direct BvP not yet weighted; 2026/2025 Statcast baseline active,7,7,20,2,Hot streak: 2 HR in last 7 games,"platoon edge; pitcher baseline 6.5% barrel, 7.4 HR allowed",neutral batted-ball profile; pitcher fly-ball pressure modest,,
681082,Bryson Stott,PHI,LAD,2026-07-21T22:40:00Z,Scheduled,9,Justin Wrobleski,680736,L,L,6.43,0.1424,88.65,98.5095,0.4007,0.1432,0.3165,69.82,6.19,34.66,29.55,35.52,8.8,6.46,44.37,90.53,0.3989,0.1416,28.28,7.4,7.4,7.4,Citizens Bank Park,112,81,5,182 deg,Open-Meteo forecast; MLB fallback,https://forecast.weather.gov/MapClick.php?lat=39.9061&lon=-75.1665,43,0,No,No,9,Yes,Yes,RotoWire projected lineup; MLB probable pitchers,lineup projected / unconfirmed,H:2026/2025 P:2026/2025,,,Direct BvP not yet weighted; 2026/2025 Statcast baseline active,7,8,25,0,Contact streak: 8/25 over last 7 games,"same-side matchup; pitcher baseline 6.5% barrel, 7.4 HR allowed",neutral batted-ball profile; pitcher fly-ball pressure modest,,
663968,Jake Mangum,PIT,NYY,2026-07-21T23:05:00Z,Scheduled,1,Will Warren,701542,R,S,1.86,0.0727,85.48,96.4488,0.3297,0.0752,0.283,67.16,3.83,28.63,14.23,28.92,2.3,8.24,41.59,90.44,0.4183,0.161,24.94,16.4,16.4,16.4,Yankee Stadium,119,75,8,161 deg,Open-Meteo forecast; MLB fallback,https://forecast.weather.gov/MapClick.php?lat=40.8296&lon=-73.9262,51,0,No,No,1,Yes,Yes,RotoWire projected lineup; MLB probable pitchers,lineup projected / unconfirmed,H:2026/2025 P:2026/2025,,,Direct BvP not yet weighted; 2026/2025 Statcast baseline active,7,5,24,0,"Last 7 games: 5/24, 0 HR","switch hitter; pitcher baseline 8.2% barrel, 16.4 HR allowed",neutral batted-ball profile; pitcher fly-ball pressure modest,,
664040,Brandon Lowe,PIT,NYY,2026-07-21T23:05:00Z,Scheduled,2,Will Warren,701542,R,L,12.44,0.2294,91.03,101.5992,0.4605,0.2128,0.3357,73.76,40.26,46.3,33.2,46.04,24.0,8.24,41.59,90.44,0.4183,0.161,24.94,16.4,16.4,16.4,Yankee Stadium,119,75,8,161 deg,Open-Meteo forecast; MLB fallback,https://forecast.weather.gov/MapClick.php?lat=40.8296&lon=-73.9262,51,0,No,No,2,Yes,Yes,RotoWire projected lineup; MLB probable pitchers,lineup projected / unconfirmed,H:2026/2025 P:2026/2025,,,Direct BvP not yet weighted; 2026/2025 Statcast baseline active,7,6,28,0,"Last 7 games: 6/28, 0 HR","platoon edge; pitcher baseline 8.2% barrel, 16.4 HR allowed",neutral batted-ball profile; pitcher fly-ball pressure modest,,
668804,Bryan Reynolds,PIT,NYY,2026-07-21T23:05:00Z,Scheduled,3,Will Warren,701542,R,S,10.45,0.1815,90.99,101.9995,0.4491,0.1932,0.3576,72.69,28.51,40.64,24.48,46.84,14.6,8.24,41.59,90.44,0.4183,0.161,24.94,16.4,16.4,16.4,Yankee Stadium,119,75,8,161 deg,Open-Meteo forecast; MLB fallback,https://forecast.weather.gov/MapClick.php?lat=40.8296&lon=-73.9262,51,0,No,No,3,Yes,Yes,RotoWire projected lineup; MLB probable pitchers,lineup projected / unconfirmed,H:2026/2025 P:2026/2025,,,Direct BvP not yet weighted; 2026/2025 Statcast baseline active,7,7,23,0,"Last 7 games: 7/23, 0 HR","switch hitter; pitcher baseline 8.2% barrel, 16.4 HR allowed",neutral batted-ball profile; pitcher fly-ball pressure modest,,
699013,Esmerlyn Valdez,PIT,NYY,2026-07-21T23:05:00Z,Scheduled,4,Will Warren,701542,R,R,28.6,0.444,93.1,104.5742,0.56,0.337,0.364,75.0,50.7,27.0,46.0,55.6,13.0,8.24,41.59,90.44,0.4183,0.161,24.94,16.4,16.4,16.4,Yankee Stadium,119,75,8,161 deg,Open-Meteo forecast; MLB fallback,https://forecast.weather.gov/MapClick.php?lat=40.8296&lon=-73.9262,51,0,No,No,4,Yes,Yes,RotoWire projected lineup; MLB probable pitchers,lineup projected / unconfirmed,H:2026 P:2026/2025,,,Direct BvP not yet weighted; 2026/2025 Statcast baseline active,7,9,26,6,Hot streak: 6 HR in last 7 games,"same-side matchup; pitcher baseline 8.2% barrel, 16.4 HR allowed",EV profile; pitcher fly-ball pressure modest,,
656811,Ryan O'Hearn,PIT,NYY,2026-07-21T23:05:00Z,Scheduled,5,Will Warren,701542,R,L,7.74,0.1805,89.68,99.6063,0.4211,0.1621,0.3309,71.1,11.78,37.75,29.2,44.6,16.3,8.24,41.59,90.44,0.4183,0.161,24.94,16.4,16.4,16.4,Yankee Stadium,119,75,8,161 deg,Open-Meteo forecast; MLB fallback,https://forecast.weather.gov/MapClick.php?lat=40.8296&lon=-73.9262,51,0,No,No,5,Yes,Yes,RotoWire projected lineup; MLB probable pitchers,lineup projected / unconfirmed,H:2026/2025 P:2026/2025,,,Direct BvP not yet weighted; 2026/2025 Statcast baseline active,7,4,22,0,"Last 7 games: 4/22, 0 HR","platoon edge; pitcher baseline 8.2% barrel, 16.4 HR allowed",neutral batted-ball profile; pitcher fly-ball pressure modest,,
693304,Nick Gonzales,PIT,NYY,2026-07-21T23:05:00Z,Scheduled,6,Will Warren,701542,R,R,3.31,0.0971,86.7,98.3983,0.3778,0.1056,0.3134,70.57,12.59,40.16,20.28,36.84,5.0,8.24,41.59,90.44,0.4183,0.161,24.94,16.4,16.4,16.4,Yankee Stadium,119,75,8,161 deg,Open-Meteo forecast; MLB fallback,https://forecast.weather.gov/MapClick.php?lat=40.8296&lon=-73.9262,51,0,No,No,6,Yes,Yes,RotoWire projected lineup; MLB probable pitchers,lineup projected / unconfirmed,H:2026/2025 P:2026/2025,,,Direct BvP not yet weighted; 2026/2025 Statcast baseline active,7,9,30,1,"Last 7 games: 9/30, 1 HR","same-side matchup; pitcher baseline 8.2% barrel, 16.4 HR allowed",neutral batted-ball profile; pitcher fly-ball pressure modest,,
694378,Jacob Gonzalez,PIT,NYY,2026-07-21T23:05:00Z,Scheduled,7,Will Warren,701542,R,L,4.0,0.143,88.6,99.9573,0.411,0.148,0.327,71.5,14.4,40.8,26.3,42.7,3.0,8.24,41.59,90.44,0.4183,0.161,24.94,16.4,16.4,16.4,Yankee Stadium,119,75,8,161 deg,Open-Meteo forecast; MLB fallback,https://forecast.weather.gov/MapClick.php?lat=40.8296&lon=-73.9262,51,0,No,No,7,Yes,Yes,RotoWire projected lineup; MLB probable pitchers,lineup projected / unconfirmed,H:2026 P:2026/2025,,,Direct BvP not yet weighted; 2026/2025 Statcast baseline active,7,4,15,1,"Last 7 games: 4/15, 1 HR","platoon edge; pitcher baseline 8.2% barrel, 16.4 HR allowed",neutral batted-ball profile; pitcher fly-ball pressure modest,,
669707,Jared Triolo,PIT,NYY,2026-07-21T23:05:00Z,Scheduled,8,Will Warren,701542,R,R,3.68,0.0905,87.95,98.6263,0.3347,0.0957,0.2918,70.97,8.0,37.01,21.1,37.22,2.8,8.24,41.59,90.44,0.4183,0.161,24.94,16.4,16.4,16.4,Yankee Stadium,119,75,8,161 deg,Open-Meteo forecast; MLB fallback,https://forecast.weather.gov/MapClick.php?lat=40.8296&lon=-73.9262,51,0,No,No,8,Yes,Yes,RotoWire projected lineup; MLB probable pitchers,lineup projected / unconfirmed,H:2026/2025 P:2026/2025,,,Direct BvP not yet weighted; 2026/2025 Statcast baseline active,7,7,23,0,"Last 7 games: 7/23, 0 HR","same-side matchup; pitcher baseline 8.2% barrel, 16.4 HR allowed",neutral batted-ball profile; pitcher fly-ball pressure modest,,
680779,Henry Davis,PIT,NYY,2026-07-21T23:05:00Z,Scheduled,9,Will Warren,701542,R,R,10.24,0.1495,89.37,100.607,0.3603,0.155,0.2923,74.18,42.59,52.05,26.84,38.94,7.7,8.24,41.59,90.44,0.4183,0.161,24.94,16.4,16.4,16.4,Yankee Stadium,119,75,8,161 deg,Open-Meteo forecast; MLB fallback,https://forecast.weather.gov/MapClick.php?lat=40.8296&lon=-73.9262,51,0,No,No,9,Yes,Yes,RotoWire projected lineup; MLB probable pitchers,lineup projected / unconfirmed,H:2026/2025 P:2026/2025,,,Direct BvP not yet weighted; 2026/2025 Statcast baseline active,7,5,19,1,"Last 7 games: 5/19, 1 HR","same-side matchup; pitcher baseline 8.2% barrel, 16.4 HR allowed",neutral batted-ball profile; pitcher fly-ball pressure modest,,
663757,Trent Grisham,NYY,PIT,2026-07-21T23:05:00Z,Scheduled,1,Bubba Chandler,696149,R,L,12.1,0.1989,91.24,101.098,0.4693,0.2157,0.3595,70.51,8.84,45.91,31.61,47.38,17.9,7.37,38.46,89.36,0.3814,0.1546,26.72,7.6,7.6,7.6,Yankee Stadium,119,75,8,161 deg,Open-Meteo forecast; MLB fallback,https://forecast.weather.gov/MapClick.php?lat=40.8296&lon=-73.9262,51,0,No,No,1,Yes,Yes,RotoWire projected lineup; MLB probable pitchers,lineup projected / unconfirmed,H:2026/2025 P:2026/2025,,,Direct BvP not yet weighted; 2026/2025 Statcast baseline active,7,4,26,2,Hot streak: 2 HR in last 7 games,"platoon edge; pitcher baseline 7.4% barrel, 7.6 HR allowed",neutral batted-ball profile; pitcher fly-ball pressure modest,,
700250,Ben Rice,NYY,PIT,2026-07-21T23:05:00Z,Scheduled,2,Bubba Chandler,696149,R,L,15.4,0.2923,92.6,102.5391,0.5369,0.2583,0.3875,72.91,27.78,46.71,29.55,50.78,28.1,7.37,38.46,89.36,0.3814,0.1546,26.72,7.6,7.6,7.6,Yankee Stadium,119,75,8,161 deg,Open-Meteo forecast; MLB fallback,https://forecast.weather.gov/MapClick.php?lat=40.8296&lon=-73.9262,51,0,No,No,2,Yes,Yes,RotoWire projected lineup; MLB probable pitchers,lineup projected / unconfirmed,H:2026/2025 P:2026/2025,,,Direct BvP not yet weighted; 2026/2025 Statcast baseline active,7,9,25,1,Contact streak: 9/25 over last 7 games,"platoon edge; pitcher baseline 7.4% barrel, 7.6 HR allowed",EV profile; pitcher fly-ball pressure modest,,
502671,Paul Goldschmidt,NYY,PIT,2026-07-21T23:05:00Z,Scheduled,3,Bubba Chandler,696149,R,R,10.31,0.1976,87.67,99.6414,0.4325,0.1882,0.3178,71.69,16.65,34.09,28.09,39.85,13.5,7.37,38.46,89.36,0.3814,0.1546,26.72,7.6,7.6,7.6,Yankee Stadium,119,75,8,161 deg,Open-Meteo forecast; MLB fallback,https://forecast.weather.gov/MapClick.php?lat=40.8296&lon=-73.9262,51,0,No,No,3,Yes,Yes,RotoWire projected lineup; MLB probable pitchers,lineup projected / unconfirmed,H:2026/2025 P:2026/2025,,,Direct BvP not yet weighted; 2026/2025 Statcast baseline active,7,6,25,1,"Last 7 games: 6/25, 1 HR","same-side matchup; pitcher baseline 7.4% barrel, 7.6 HR allowed",neutral batted-ball profile; pitcher fly-ball pressure modest,,
641355,Cody Bellinger,NYY,PIT,2026-07-21T23:05:00Z,Scheduled,4,Bubba Chandler,696149,R,L,6.73,0.1751,88.86,98.5401,0.4208,0.1519,0.3412,69.75,3.91,42.61,31.92,37.13,16.4,7.37,38.46,89.36,0.3814,0.1546,26.72,7.6,7.6,7.6,Yankee Stadium,119,75,8,161 deg,Open-Meteo forecast; MLB fallback,https://forecast.weather.gov/MapClick.php?lat=40.8296&lon=-73.9262,51,0,No,No,4,Yes,Yes,RotoWire projected lineup; MLB probable pitchers,lineup projected / unconfirmed,H:2026/2025 P:2026/2025,,,Direct BvP not yet weighted; 2026/2025 Statcast baseline active,7,9,25,0,Contact streak: 9/25 over last 7 games,"platoon edge; pitcher baseline 7.4% barrel, 7.6 HR allowed",neutral batted-ball profile; pitcher fly-ball pressure modest,,
665862,Jazz Chisholm,NYY,PIT,2026-07-21T23:05:00Z,Scheduled,5,Bubba Chandler,696149,R,L,11.36,0.2075,90.33,100.5146,0.4124,0.1931,0.3117,73.34,34.55,52.33,30.19,42.25,20.5,7.37,38.46,89.36,0.3814,0.1546,26.72,7.6,7.6,7.6,Yankee Stadium,119,75,8,161 deg,Open-Meteo forecast; MLB fallback,https://forecast.weather.gov/MapClick.php?lat=40.8296&lon=-73.9262,51,0,No,No,5,Yes,Yes,RotoWire projected lineup; MLB probable pitchers,lineup projected / unconfirmed,H:2026/2025 P:2026/2025,,,Direct BvP not yet weighted; 2026/2025 Statcast baseline active,7,8,27,4,Hot streak: 4 HR in last 7 games,"platoon edge; pitcher baseline 7.4% barrel, 7.6 HR allowed",neutral batted-ball profile; pitcher fly-ball pressure modest,,
691176,Jasson Dominguez,NYY,PIT,2026-07-21T23:05:00Z,Scheduled,6,Bubba Chandler,696149,R,S,5.74,0.1527,88.78,100.9764,0.3728,0.1155,0.2997,74.17,39.06,45.49,22.1,42.88,6.5,7.37,38.46,89.36,0.3814,0.1546,26.72,7.6,7.6,7.6,Yankee Stadium,119,75,8,161 deg,Open-Meteo forecast; MLB fallback,https://forecast.weather.gov/MapClick.php?lat=40.8296&lon=-73.9262,51,0,No,No,6,Yes,Yes,RotoWire projected lineup; MLB probable pitchers,lineup projected / unconfirmed,H:2026/2025 P:2026/2025,,,Direct BvP not yet weighted; 2026/2025 Statcast baseline active,7,6,28,1,"Last 7 games: 6/28, 1 HR","switch hitter; pitcher baseline 7.4% barrel, 7.6 HR allowed",neutral batted-ball profile; pitcher fly-ball pressure modest,,
641857,Ryan McMahon,NYY,PIT,2026-07-21T23:05:00Z,Scheduled,7,Bubba Chandler,696149,R,L,11.47,0.1656,91.69,102.1378,0.4141,0.1821,0.3136,74.49,46.47,38.89,30.91,50.64,12.3,7.37,38.46,89.36,0.3814,0.1546,26.72,7.6,7.6,7.6,Yankee Stadium,119,75,8,161 deg,Open-Meteo forecast; MLB fallback,https://forecast.weather.gov/MapClick.php?lat=40.8296&lon=-73.9262,51,0,No,No,7,Yes,Yes,RotoWire projected lineup; MLB probable pitchers,lineup projected / unconfirmed,H:2026/2025 P:2026/2025,,,Direct BvP not yet weighted; 2026/2025 Statcast baseline active,7,4,17,1,"Last 7 games: 4/17, 1 HR","platoon edge; pitcher baseline 7.4% barrel, 7.6 HR allowed",neutral batted-ball profile; pitcher fly-ball pressure modest,,
669224,Austin Wells,NYY,PIT,2026-07-21T23:05:00Z,Scheduled,8,Bubba Chandler,696149,R,L,7.47,0.1344,89.34,100.5151,0.3661,0.1556,0.2891,72.98,27.91,47.22,32.3,44.15,10.5,7.37,38.46,89.36,0.3814,0.1546,26.72,7.6,7.6,7.6,Yankee Stadium,119,75,8,161 deg,Open-Meteo forecast; MLB fallback,https://forecast.weather.gov/MapClick.php?lat=40.8296&lon=-73.9262,51,0,No,No,8,Yes,Yes,RotoWire projected lineup; MLB probable pitchers,lineup projected / unconfirmed,H:2026/2025 P:2026/2025,,,Direct BvP not yet weighted; 2026/2025 Statcast baseline active,7,5,20,2,Hot streak: 2 HR in last 7 games,"platoon edge; pitcher baseline 7.4% barrel, 7.6 HR allowed",neutral batted-ball profile; pitcher fly-ball pressure modest,,
676609,Jose Caballero,NYY,PIT,2026-07-21T23:05:00Z,Scheduled,9,Bubba Chandler,696149,R,R,4.36,0.1348,84.46,96.4811,0.3306,0.1073,0.2794,68.89,7.94,40.62,20.89,26.82,8.5,7.37,38.46,89.36,0.3814,0.1546,26.72,7.6,7.6,7.6,Yankee Stadium,119,75,8,161 deg,Open-Meteo forecast; MLB fallback,https://forecast.weather.gov/MapClick.php?lat=40.8296&lon=-73.9262,51,0,No,No,9,Yes,Yes,RotoWire projected lineup; MLB probable pitchers,lineup projected / unconfirmed,H:2026/2025 P:2026/2025,,,Direct BvP not yet weighted; 2026/2025 Statcast baseline active,7,6,23,0,"Last 7 games: 6/23, 0 HR","same-side matchup; pitcher baseline 7.4% barrel, 7.6 HR allowed",neutral batted-ball profile; pitcher fly-ball pressure modest,,
650490,Yandy Diaz,TB,TOR,2026-07-21T23:07:00Z,Scheduled,1,Kevin Gausman,592332,R,R,7.18,0.1659,91.6,103.2839,0.4506,0.1621,0.3586,73.81,38.59,22.76,20.14,49.14,16.6,8.71,40.56,89.02,0.4049,0.1655,26.37,16.8,16.8,16.8,Rogers Centre,105,71,9,187 deg,Open-Meteo forecast; MLB fallback,https://forecast.weather.gov/MapClick.php?lat=43.6414&lon=-79.3894,75,0,No,No,1,Yes,Yes,RotoWire projected lineup; MLB probable pitchers,lineup projected / unconfirmed,H:2026/2025 P:2026/2025,,,Direct BvP not yet weighted; 2026/2025 Statcast baseline active,7,6,30,0,"Last 7 games: 6/30, 0 HR","same-side matchup; pitcher baseline 8.7% barrel, 16.8 HR allowed",neutral batted-ball profile; pitcher fly-ball pressure modest,,
666018,Jonathan Aranda,TB,TOR,2026-07-21T23:07:00Z,Scheduled,2,Kevin Gausman,592332,R,L,10.87,0.1674,91.74,101.3605,0.4723,0.1995,0.368,70.15,12.3,30.75,30.27,48.13,14.0,8.71,40.56,89.02,0.4049,0.1655,26.37,16.8,16.8,16.8,Rogers Centre,105,71,9,187 deg,Open-Meteo forecast; MLB fallback,https://forecast.weather.gov/MapClick.php?lat=43.6414&lon=-79.3894,75,0,No,No,2,Yes,Yes,RotoWire projected lineup; MLB probable pitchers,lineup projected / unconfirmed,H:2026/2025 P:2026/2025,,,Direct BvP not yet weighted; 2026/2025 Statcast baseline active,7,6,24,1,"Last 7 games: 6/24, 1 HR","platoon edge; pitcher baseline 8.7% barrel, 16.8 HR allowed",neutral batted-ball profile; pitcher fly-ball pressure modest,,
691406,Junior Caminero,TB,TOR,2026-07-21T23:07:00Z,Scheduled,3,Kevin Gausman,592332,R,R,13.86,0.2731,93.03,105.5066,0.5108,0.2383,0.367,79.48,86.28,46.71,23.21,51.75,33.8,8.71,40.56,89.02,0.4049,0.1655,26.37,16.8,16.8,16.8,Rogers Centre,105,71,9,187 deg,Open-Meteo forecast; MLB fallback,https://forecast.weather.gov/MapClick.php?lat=43.6414&lon=-79.3894,75,0,No,No,3,Yes,Yes,RotoWire projected lineup; MLB probable pitchers,lineup projected / unconfirmed,H:2026/2025 P:2026/2025,,,Direct BvP not yet weighted; 2026/2025 Statcast baseline active,7,9,26,1,Contact streak: 9/26 over last 7 games,"same-side matchup; pitcher baseline 8.7% barrel, 16.8 HR allowed",EV profile; pitcher fly-ball pressure modest,,
656775,Cedric Mullins,TB,TOR,2026-07-21T23:07:00Z,Scheduled,4,Kevin Gausman,592332,R,L,4.94,0.154,88.31,97.9041,0.3232,0.1295,0.2693,70.75,8.48,45.53,31.66,32.47,13.5,8.71,40.56,89.02,0.4049,0.1655,26.37,16.8,16.8,16.8,Rogers Centre,105,71,9,187 deg,Open-Meteo forecast; MLB fallback,https://forecast.weather.gov/MapClick.php?lat=43.6414&lon=-79.3894,75,0,No,No,4,Yes,Yes,RotoWire projected lineup; MLB probable pitchers,lineup projected / unconfirmed,H:2026/2025 P:2026/2025,,,Direct BvP not yet weighted; 2026/2025 Statcast baseline active,7,3,22,2,Hot streak: 2 HR in last 7 games,"platoon edge; pitcher baseline 8.7% barrel, 16.8 HR allowed",neutral batted-ball profile; pitcher fly-ball pressure modest,,
802415,Chandler Simpson,TB,TOR,2026-07-21T23:07:00Z,Scheduled,5,Kevin Gausman,592332,R,L,0.0,0.0598,84.09,93.1605,0.3052,0.0382,0.2732,64.76,0.37,27.08,12.16,15.2,0.0,8.71,40.56,89.02,0.4049,0.1655,26.37,16.8,16.8,16.8,Rogers Centre,105,71,9,187 deg,Open-Meteo forecast; MLB fallback,https://forecast.weather.gov/MapClick.php?lat=43.6414&lon=-79.3894,75,0,No,No,5,Yes,Yes,RotoWire projected lineup; MLB probable pitchers,lineup projected / unconfirmed,H:2026/2025 P:2026/2025,,,Direct BvP not yet weighted; 2026/2025 Statcast baseline active,7,9,26,0,Contact streak: 9/26 over last 7 games,"platoon edge; pitcher baseline 8.7% barrel, 16.8 HR allowed",neutral batted-ball profile; pitcher fly-ball pressure modest,,
683748,Victor Mesa,TB,TOR,2026-07-21T23:07:00Z,Scheduled,6,Kevin Gausman,592332,R,L,10.39,0.2267,89.21,100.0507,0.4206,0.1837,0.3284,73.61,33.81,45.21,28.38,39.61,5.9,8.71,40.56,89.02,0.4049,0.1655,26.37,16.8,16.8,16.8,Rogers Centre,105,71,9,187 deg,Open-Meteo forecast; MLB fallback,https://forecast.weather.gov/MapClick.php?lat=43.6414&lon=-79.3894,75,0,No,No,6,Yes,Yes,RotoWire projected lineup; MLB probable pitchers,lineup projected / unconfirmed,H:2026/2025 P:2026/2025,,,Direct BvP not yet weighted; 2026/2025 Statcast baseline active,7,6,19,4,Hot streak: 4 HR in last 7 games,"platoon edge; pitcher baseline 8.7% barrel, 16.8 HR allowed",neutral batted-ball profile; pitcher fly-ball pressure modest,,
680700,Richie Palacios,TB,TOR,2026-07-21T23:07:00Z,Scheduled,7,Kevin Gausman,592332,R,L,4.36,0.1064,87.03,96.5286,0.3632,0.0976,0.3222,68.87,3.38,33.87,20.21,30.59,2.4,8.71,40.56,89.02,0.4049,0.1655,26.37,16.8,16.8,16.8,Rogers Centre,105,71,9,187 deg,Open-Meteo forecast; MLB fallback,https://forecast.weather.gov/MapClick.php?lat=43.6414&lon=-79.3894,75,0,No,No,7,Yes,Yes,RotoWire projected lineup; MLB probable pitchers,lineup projected / unconfirmed,H:2026/2025 P:2026/2025,,,Direct BvP not yet weighted; 2026/2025 Statcast baseline active,7,3,21,1,"Last 7 games: 3/21, 1 HR","platoon edge; pitcher baseline 8.7% barrel, 16.8 HR allowed",neutral batted-ball profile; pitcher fly-ball pressure modest,,
670764,Taylor Walls,TB,TOR,2026-07-21T23:07:00Z,Scheduled,8,Kevin Gausman,592332,R,S,2.92,0.0794,85.81,95.3807,0.2754,0.0794,0.2575,68.38,2.41,36.02,29.68,23.74,1.2,8.71,40.56,89.02,0.4049,0.1655,26.37,16.8,16.8,16.8,Rogers Centre,105,71,9,187 deg,Open-Meteo forecast; MLB fallback,https://forecast.weather.gov/MapClick.php?lat=43.6414&lon=-79.3894,75,0,No,No,8,Yes,Yes,RotoWire projected lineup; MLB probable pitchers,lineup projected / unconfirmed,H:2026/2025 P:2026/2025,,,Direct BvP not yet weighted; 2026/2025 Statcast baseline active,7,5,19,0,"Last 7 games: 5/19, 0 HR","switch hitter; pitcher baseline 8.7% barrel, 16.8 HR allowed",neutral batted-ball profile; pitcher fly-ball pressure modest,,
676439,Hunter Feduccia,TB,TOR,2026-07-21T23:07:00Z,Scheduled,9,Kevin Gausman,592332,R,L,8.06,0.0892,89.63,98.7012,0.3356,0.1241,0.2918,70.5,9.83,29.16,28.71,35.88,1.4,8.71,40.56,89.02,0.4049,0.1655,26.37,16.8,16.8,16.8,Rogers Centre,105,71,9,187 deg,Open-Meteo forecast; MLB fallback,https://forecast.weather.gov/MapClick.php?lat=43.6414&lon=-79.3894,75,0,No,No,9,Yes,Yes,RotoWire projected lineup; MLB probable pitchers,lineup projected / unconfirmed,H:2026/2025 P:2026/2025,,,Direct BvP not yet weighted; 2026/2025 Statcast baseline active,7,4,21,1,"Last 7 games: 4/21, 1 HR","platoon edge; pitcher baseline 8.7% barrel, 16.8 HR allowed",neutral batted-ball profile; pitcher fly-ball pressure modest,,
676391,Ernie Clement,TOR,TB,2026-07-21T23:07:00Z,Scheduled,1,Drew Rasmussen,656876,R,R,2.4,0.128,85.55,94.9854,0.3492,0.0902,0.2799,67.46,2.89,42.62,27.34,23.48,8.3,6.51,36.65,88.57,0.3687,0.1327,22.4,13.8,13.8,13.8,Rogers Centre,105,71,9,187 deg,Open-Meteo forecast; MLB fallback,https://forecast.weather.gov/MapClick.php?lat=43.6414&lon=-79.3894,75,0,No,No,1,Yes,Yes,RotoWire projected lineup; MLB probable pitchers,lineup projected / unconfirmed,H:2026/2025 P:2026/2025,,,Direct BvP not yet weighted; 2026/2025 Statcast baseline active,7,9,29,1,"Last 7 games: 9/29, 1 HR","same-side matchup; pitcher baseline 6.5% barrel, 13.8 HR allowed",neutral batted-ball profile; pitcher fly-ball pressure modest,,
664770,Nathan Lukes,TOR,TB,2026-07-21T23:07:00Z,Scheduled,2,Drew Rasmussen,656876,R,L,2.21,0.1226,86.99,97.0008,0.357,0.0952,0.3003,67.51,4.42,33.24,20.25,31.33,7.1,6.51,36.65,88.57,0.3687,0.1327,22.4,13.8,13.8,13.8,Rogers Centre,105,71,9,187 deg,Open-Meteo forecast; MLB fallback,https://forecast.weather.gov/MapClick.php?lat=43.6414&lon=-79.3894,75,0,No,No,2,Yes,Yes,RotoWire projected lineup; MLB probable pitchers,lineup projected / unconfirmed,H:2026/2025 P:2026/2025,,,Direct BvP not yet weighted; 2026/2025 Statcast baseline active,7,8,24,1,Contact streak: 8/24 over last 7 games,"platoon edge; pitcher baseline 6.5% barrel, 13.8 HR allowed",neutral batted-ball profile; pitcher fly-ball pressure modest,,
665489,Vladimir Guerrero,TOR,TB,2026-07-21T23:07:00Z,Scheduled,3,Drew Rasmussen,656876,R,R,8.49,0.1183,90.67,103.1171,0.4381,0.1472,0.3546,76.28,63.64,35.88,19.31,45.94,11.1,6.51,36.65,88.57,0.3687,0.1327,22.4,13.8,13.8,13.8,Rogers Centre,105,71,9,187 deg,Open-Meteo forecast; MLB fallback,https://forecast.weather.gov/MapClick.php?lat=43.6414&lon=-79.3894,75,0,No,No,3,Yes,Yes,RotoWire projected lineup; MLB probable pitchers,lineup projected / unconfirmed,H:2026/2025 P:2026/2025,,,Direct BvP not yet weighted; 2026/2025 Statcast baseline active,7,6,26,1,"Last 7 games: 6/26, 1 HR","same-side matchup; pitcher baseline 6.5% barrel, 13.8 HR allowed",neutral batted-ball profile; pitcher fly-ball pressure modest,,
543807,George Springer,TOR,TB,2026-07-21T23:07:00Z,Scheduled,4,Drew Rasmussen,656876,R,R,10.25,0.1873,88.88,100.2362,0.4352,0.1883,0.3361,73.07,33.97,42.77,27.28,42.07,16.6,6.51,36.65,88.57,0.3687,0.1327,22.4,13.8,13.8,13.8,Rogers Centre,105,71,9,187 deg,Open-Meteo forecast; MLB fallback,https://forecast.weather.gov/MapClick.php?lat=43.6414&lon=-79.3894,75,0,No,No,4,Yes,Yes,RotoWire projected lineup; MLB probable pitchers,lineup projected / unconfirmed,H:2026/2025 P:2026/2025,,,Direct BvP not yet weighted; 2026/2025 Statcast baseline active,7,7,28,2,Hot streak: 2 HR in last 7 games,"same-side matchup; pitcher baseline 6.5% barrel, 13.8 HR allowed",neutral batted-ball profile; pitcher fly-ball pressure modest,,
672960,Kazuma Okamoto,TOR,TB,2026-07-21T23:07:00Z,Scheduled,5,Drew Rasmussen,656876,R,R,14.1,0.221,91.2,102.2841,0.438,0.222,0.324,73.2,35.7,50.9,32.9,46.6,22.0,6.51,36.65,88.57,0.3687,0.1327,22.4,13.8,13.8,13.8,Rogers Centre,105,71,9,187 deg,Open-Meteo forecast; MLB fallback,https://forecast.weather.gov/MapClick.php?lat=43.6414&lon=-79.3894,75,0,No,No,5,Yes,Yes,RotoWire projected lineup; MLB probable pitchers,lineup projected / unconfirmed,H:2026 P:2026/2025,,,Direct BvP not yet weighted; 2026/2025 Statcast baseline active,7,3,24,1,"Last 7 games: 3/24, 1 HR","same-side matchup; pitcher baseline 6.5% barrel, 13.8 HR allowed",neutral batted-ball profile; pitcher fly-ball pressure modest,,
662139,Daulton Varsho,TOR,TB,2026-07-21T23:07:00Z,Scheduled,6,Drew Rasmussen,656876,R,L,9.6,0.1931,87.31,99.6765,0.4093,0.1704,0.3081,73.71,36.67,41.22,29.45,39.04,10.9,6.51,36.65,88.57,0.3687,0.1327,22.4,13.8,13.8,13.8,Rogers Centre,105,71,9,187 deg,Open-Meteo forecast; MLB fallback,https://forecast.weather.gov/MapClick.php?lat=43.6414&lon=-79.3894,75,0,No,No,6,Yes,Yes,RotoWire projected lineup; MLB probable pitchers,lineup projected / unconfirmed,H:2026/2025 P:2026/2025,,,Direct BvP not yet weighted; 2026/2025 Statcast baseline active,7,4,25,0,"Last 7 games: 4/25, 0 HR","platoon edge; pitcher baseline 6.5% barrel, 13.8 HR allowed",neutral batted-ball profile; pitcher fly-ball pressure modest,,
672386,Alejandro Kirk,TOR,TB,2026-07-21T23:07:00Z,Scheduled,7,Drew Rasmussen,656876,R,R,4.71,0.1131,88.09,99.8764,0.3568,0.1176,0.296,71.38,17.19,26.56,22.46,41.56,5.9,6.51,36.65,88.57,0.3687,0.1327,22.4,13.8,13.8,13.8,Rogers Centre,105,71,9,187 deg,Open-Meteo forecast; MLB fallback,https://forecast.weather.gov/MapClick.php?lat=43.6414&lon=-79.3894,75,0,No,No,7,Yes,Yes,RotoWire projected lineup; MLB probable pitchers,lineup projected / unconfirmed,H:2026/2025 P:2026/2025,,,Direct BvP not yet weighted; 2026/2025 Statcast baseline active,7,5,17,0,"Last 7 games: 5/17, 0 HR","same-side matchup; pitcher baseline 6.5% barrel, 13.8 HR allowed",neutral batted-ball profile; pitcher fly-ball pressure modest,,
665926,Andres Gimenez,TOR,TB,2026-07-21T23:07:00Z,Scheduled,8,Drew Rasmussen,656876,R,L,3.77,0.1205,86.3,95.96,0.3358,0.0985,0.2807,68.39,4.79,38.59,22.74,24.83,7.0,6.51,36.65,88.57,0.3687,0.1327,22.4,13.8,13.8,13.8,Rogers Centre,105,71,9,187 deg,Open-Meteo forecast; MLB fallback,https://forecast.weather.gov/MapClick.php?lat=43.6414&lon=-79.3894,75,0,No,No,8,Yes,Yes,RotoWire projected lineup; MLB probable pitchers,lineup projected / unconfirmed,H:2026/2025 P:2026/2025,,,Direct BvP not yet weighted; 2026/2025 Statcast baseline active,7,3,20,0,"Last 7 games: 3/20, 0 HR","platoon edge; pitcher baseline 6.5% barrel, 13.8 HR allowed",neutral batted-ball profile; pitcher fly-ball pressure modest,,
682729,Jonatan Clase,TOR,TB,2026-07-21T23:07:00Z,Scheduled,9,Drew Rasmussen,656876,R,S,2.07,0.2174,86.56,97.1884,0.2892,0.1044,0.2581,69.56,16.79,62.31,36.09,35.67,2.0,6.51,36.65,88.57,0.3687,0.1327,22.4,13.8,13.8,13.8,Rogers Centre,105,71,9,187 deg,Open-Meteo forecast; MLB fallback,https://forecast.weather.gov/MapClick.php?lat=43.6414&lon=-79.3894,75,0,No,No,9,Yes,Yes,RotoWire projected lineup; MLB probable pitchers,lineup projected / unconfirmed,H:2026/2025 P:2026/2025,,,Direct BvP not yet weighted; 2026/2025 Statcast baseline active,7,4,17,1,"Last 7 games: 4/17, 1 HR","switch hitter; pitcher baseline 6.5% barrel, 13.8 HR allowed",fly-ball profile; pitcher fly-ball pressure modest,,
621493,Taylor Ward,BAL,BOS,2026-07-21T23:10:00Z,Scheduled,1,Ranger Suarez,624133,L,R,8.17,0.1511,89.54,99.4769,0.3996,0.156,0.3428,68.66,4.26,33.73,29.59,39.55,15.7,5.29,31.1,86.15,0.3419,0.1082,23.05,7.7,7.7,7.7,Fenway Park,102,76,9,181 deg,Open-Meteo forecast; MLB fallback,https://forecast.weather.gov/MapClick.php?lat=42.3467&lon=-71.0972,40,0,No,No,1,Yes,Yes,RotoWire projected lineup; MLB probable pitchers,lineup projected / unconfirmed,H:2026/2025 P:2026/2025,,,Direct BvP not yet weighted; 2026/2025 Statcast baseline active,7,4,22,2,Hot streak: 2 HR in last 7 games,"platoon edge; pitcher baseline 5.3% barrel, 7.7 HR allowed",neutral batted-ball profile; pitcher fly-ball pressure modest,,
624413,Pete Alonso,BAL,BOS,2026-07-21T23:10:00Z,Scheduled,2,Ranger Suarez,624133,L,R,14.35,0.2254,93.64,103.8995,0.523,0.2542,0.3776,74.88,49.62,36.99,31.02,54.33,26.1,5.29,31.1,86.15,0.3419,0.1082,23.05,7.7,7.7,7.7,Fenway Park,102,76,9,181 deg,Open-Meteo forecast; MLB fallback,https://forecast.weather.gov/MapClick.php?lat=42.3467&lon=-71.0972,40,0,No,No,2,Yes,Yes,RotoWire projected lineup; MLB probable pitchers,lineup projected / unconfirmed,H:2026/2025 P:2026/2025,,,Direct BvP not yet weighted; 2026/2025 Statcast baseline active,7,5,25,1,"Last 7 games: 5/25, 1 HR","platoon edge; pitcher baseline 5.3% barrel, 7.7 HR allowed",EV profile; pitcher fly-ball pressure modest,,
683002,Gunnar Henderson,BAL,BOS,2026-07-21T23:10:00Z,Scheduled,3,Ranger Suarez,624133,L,L,7.55,0.1738,90.35,101.3397,0.3956,0.1476,0.3144,74.6,46.75,41.15,23.87,45.84,17.0,5.29,31.1,86.15,0.3419,0.1082,23.05,7.7,7.7,7.7,Fenway Park,102,76,9,181 deg,Open-Meteo forecast; MLB fallback,https://forecast.weather.gov/MapClick.php?lat=42.3467&lon=-71.0972,40,0,No,No,3,Yes,Yes,RotoWire projected lineup; MLB probable pitchers,lineup projected / unconfirmed,H:2026/2025 P:2026/2025,,,Direct BvP not yet weighted; 2026/2025 Statcast baseline active,7,9,31,1,"Last 7 games: 9/31, 1 HR","same-side matchup; pitcher baseline 5.3% barrel, 7.7 HR allowed",neutral batted-ball profile; pitcher fly-ball pressure modest,,
641933,Tyler O'Neill,BAL,BOS,2026-07-21T23:10:00Z,Scheduled,4,Ranger Suarez,624133,L,R,11.32,0.1664,89.43,100.4691,0.4292,0.2107,0.3215,72.74,24.52,47.96,39.28,41.62,6.9,5.29,31.1,86.15,0.3419,0.1082,23.05,7.7,7.7,7.7,Fenway Park,102,76,9,181 deg,Open-Meteo forecast; MLB fallback,https://forecast.weather.gov/MapClick.php?lat=42.3467&lon=-71.0972,40,0,No,No,4,Yes,Yes,RotoWire projected lineup; MLB probable pitchers,lineup projected / unconfirmed,H:2026/2025 P:2026/2025,,,Direct BvP not yet weighted; 2026/2025 Statcast baseline active,7,7,18,3,Hot streak: 3 HR in last 7 games,"platoon edge; pitcher baseline 5.3% barrel, 7.7 HR allowed",fly-ball profile; pitcher fly-ball pressure modest,,
691723,Coby Mayo,BAL,BOS,2026-07-21T23:10:00Z,Scheduled,5,Ranger Suarez,624133,L,R,11.01,0.1941,90.8,102.9194,0.3875,0.1789,0.2939,75.33,54.03,50.11,33.06,45.1,12.4,5.29,31.1,86.15,0.3419,0.1082,23.05,7.7,7.7,7.7,Fenway Park,102,76,9,181 deg,Open-Meteo forecast; MLB fallback,https://forecast.weather.gov/MapClick.php?lat=42.3467&lon=-71.0972,40,0,No,No,5,Yes,Yes,RotoWire projected lineup; MLB probable pitchers,lineup projected / unconfirmed,H:2026/2025 P:2026/2025,,,Direct BvP not yet weighted; 2026/2025 Statcast baseline active,7,4,17,2,Hot streak: 2 HR in last 7 games,"platoon edge; pitcher baseline 5.3% barrel, 7.7 HR allowed",neutral batted-ball profile; pitcher fly-ball pressure modest,,
694212,Samuel Basallo,BAL,BOS,2026-07-21T23:10:00Z,Scheduled,6,Ranger Suarez,624133,L,L,11.7,0.1958,90.64,102.4634,0.4408,0.2022,0.3204,74.94,49.93,42.67,28.91,44.75,12.4,5.29,31.1,86.15,0.3419,0.1082,23.05,7.7,7.7,7.7,Fenway Park,102,76,9,181 deg,Open-Meteo forecast; MLB fallback,https://forecast.weather.gov/MapClick.php?lat=42.3467&lon=-71.0972,40,0,No,No,6,Yes,Yes,RotoWire projected lineup; MLB probable pitchers,lineup projected / unconfirmed,H:2026/2025 P:2026/2025,,,Direct BvP not yet weighted; 2026/2025 Statcast baseline active,7,3,24,2,Hot streak: 2 HR in last 7 games,"same-side matchup; pitcher baseline 5.3% barrel, 7.7 HR allowed",neutral batted-ball profile; pitcher fly-ball pressure modest,,
665750,Leody Taveras,BAL,BOS,2026-07-21T23:10:00Z,Scheduled,7,Ranger Suarez,624133,L,S,5.21,0.1158,87.66,98.5425,0.3272,0.1124,0.2712,72.32,24.21,32.46,23.33,31.49,3.7,5.29,31.1,86.15,0.3419,0.1082,23.05,7.7,7.7,7.7,Fenway Park,102,76,9,181 deg,Open-Meteo forecast; MLB fallback,https://forecast.weather.gov/MapClick.php?lat=42.3467&lon=-71.0972,40,0,No,No,7,Yes,Yes,RotoWire projected lineup; MLB probable pitchers,lineup projected / unconfirmed,H:2026/2025 P:2026/2025,,,Direct BvP not yet weighted; 2026/2025 Statcast baseline active,7,5,19,1,"Last 7 games: 5/19, 1 HR","switch hitter; pitcher baseline 5.3% barrel, 7.7 HR allowed",neutral batted-ball profile; pitcher fly-ball pressure modest,,
669236,Jeremiah Jackson,BAL,BOS,2026-07-21T23:10:00Z,Scheduled,8,Ranger Suarez,624133,L,R,7.64,0.1549,89.76,100.567,0.3965,0.1524,0.291,72.67,26.32,40.56,24.42,40.96,6.4,5.29,31.1,86.15,0.3419,0.1082,23.05,7.7,7.7,7.7,Fenway Park,102,76,9,181 deg,Open-Meteo forecast; MLB fallback,https://forecast.weather.gov/MapClick.php?lat=42.3467&lon=-71.0972,40,0,No,No,8,Yes,Yes,RotoWire projected lineup; MLB probable pitchers,lineup projected / unconfirmed,H:2026/2025 P:2026/2025,,,Direct BvP not yet weighted; 2026/2025 Statcast baseline active,7,3,11,0,"Last 7 games: 3/11, 0 HR","platoon edge; pitcher baseline 5.3% barrel, 7.7 HR allowed",neutral batted-ball profile; pitcher fly-ball pressure modest,,
687952,Christian Encarnacion-Strand,BAL,BOS,2026-07-21T23:10:00Z,Scheduled,9,Ranger Suarez,624133,L,R,14.39,0.3132,86.78,99.7817,0.3982,0.1947,0.2575,72.83,31.65,37.41,20.69,36.51,2.5,5.29,31.1,86.15,0.3419,0.1082,23.05,7.7,7.7,7.7,Fenway Park,102,76,9,181 deg,Open-Meteo forecast; MLB fallback,https://forecast.weather.gov/MapClick.php?lat=42.3467&lon=-71.0972,40,0,No,No,9,Yes,Yes,RotoWire projected lineup; MLB probable pitchers,lineup projected / unconfirmed,H:2026/2025 P:2026/2025,,,Direct BvP not yet weighted; 2026/2025 Statcast baseline active,2,3,8,1,Contact streak: 3/8 over last 2 games,"platoon edge; pitcher baseline 5.3% barrel, 7.7 HR allowed",neutral batted-ball profile; pitcher fly-ball pressure modest,,
678011,Anthony Seigler,BOS,BAL,2026-07-21T23:10:00Z,Scheduled,1,Kyle Bradish,680694,R,S,4.41,0.1063,88.53,97.63,0.3789,0.1293,0.317,67.46,0.49,33.65,24.23,37.71,1.4,8.38,36.66,88.54,0.3585,0.1359,21.89,9.3,9.3,9.3,Fenway Park,102,76,9,181 deg,Open-Meteo forecast; MLB fallback,https://forecast.weather.gov/MapClick.php?lat=42.3467&lon=-71.0972,40,0,No,No,1,Yes,Yes,RotoWire projected lineup; MLB probable pitchers,lineup projected / unconfirmed,H:2026/2025 P:2026/2025,,,Direct BvP not yet weighted; 2026/2025 Statcast baseline active,7,5,30,1,"Last 7 games: 5/30, 1 HR","switch hitter; pitcher baseline 8.4% barrel, 9.3 HR allowed",neutral batted-ball profile; pitcher fly-ball pressure modest,,
678882,Ceddanne Rafaela,BOS,BAL,2026-07-21T23:10:00Z,Scheduled,2,Kyle Bradish,680694,R,R,6.19,0.1559,86.83,97.8076,0.3705,0.1271,0.2903,70.23,8.97,35.36,24.81,33.94,10.4,8.38,36.66,88.54,0.3585,0.1359,21.89,9.3,9.3,9.3,Fenway Park,102,76,9,181 deg,Open-Meteo forecast; MLB fallback,https://forecast.weather.gov/MapClick.php?lat=42.3467&lon=-71.0972,40,0,No,No,2,Yes,Yes,RotoWire projected lineup; MLB probable pitchers,lineup projected / unconfirmed,H:2026/2025 P:2026/2025,,,Direct BvP not yet weighted; 2026/2025 Statcast baseline active,7,8,31,0,"Last 7 games: 8/31, 0 HR","same-side matchup; pitcher baseline 8.4% barrel, 9.3 HR allowed",neutral batted-ball profile; pitcher fly-ball pressure modest,,
677800,Wilyer Abreu,BOS,BAL,2026-07-21T23:10:00Z,Scheduled,3,Kyle Bradish,680694,R,L,12.86,0.2024,90.31,101.302,0.4785,0.2229,0.3455,73.89,38.45,37.27,37.87,43.22,17.1,8.38,36.66,88.54,0.3585,0.1359,21.89,9.3,9.3,9.3,Fenway Park,102,76,9,181 deg,Open-Meteo forecast; MLB fallback,https://forecast.weather.gov/MapClick.php?lat=42.3467&lon=-71.0972,40,0,No,No,3,Yes,Yes,RotoWire projected lineup; MLB probable pitchers,lineup projected / unconfirmed,H:2026/2025 P:2026/2025,,,Direct BvP not yet weighted; 2026/2025 Statcast baseline active,7,7,25,4,Hot streak: 4 HR in last 7 games,"platoon edge; pitcher baseline 8.4% barrel, 9.3 HR allowed",fly-ball profile; pitcher fly-ball pressure modest,,
575929,Willson Contreras,BOS,BAL,2026-07-21T23:10:00Z,Scheduled,4,Kyle Bradish,680694,R,R,14.46,0.2446,90.67,103.2277,0.5188,0.2492,0.3832,76.7,68.75,45.68,28.14,47.6,21.4,8.38,36.66,88.54,0.3585,0.1359,21.89,9.3,9.3,9.3,Fenway Park,102,76,9,181 deg,Open-Meteo forecast; MLB fallback,https://forecast.weather.gov/MapClick.php?lat=42.3467&lon=-71.0972,40,0,No,No,4,Yes,Yes,RotoWire projected lineup; MLB probable pitchers,lineup projected / unconfirmed,H:2026/2025 P:2026/2025,,,Direct BvP not yet weighted; 2026/2025 Statcast baseline active,7,8,23,3,Hot streak: 3 HR in last 7 games,"same-side matchup; pitcher baseline 8.4% barrel, 9.3 HR allowed",neutral batted-ball profile; pitcher fly-ball pressure modest,,
807799,Masataka Yoshida,BOS,BAL,2026-07-21T23:10:00Z,Scheduled,5,Kyle Bradish,680694,R,L,4.08,0.1283,89.22,99.5747,0.3784,0.1115,0.3182,71.55,17.06,44.69,21.39,40.85,4.0,8.38,36.66,88.54,0.3585,0.1359,21.89,9.3,9.3,9.3,Fenway Park,102,76,9,181 deg,Open-Meteo forecast; MLB fallback,https://forecast.weather.gov/MapClick.php?lat=42.3467&lon=-71.0972,40,0,No,No,5,Yes,Yes,RotoWire projected lineup; MLB probable pitchers,lineup projected / unconfirmed,H:2026/2025 P:2026/2025,,,Direct BvP not yet weighted; 2026/2025 Statcast baseline active,7,7,21,2,Hot streak: 2 HR in last 7 games,"platoon edge; pitcher baseline 8.4% barrel, 9.3 HR allowed",neutral batted-ball profile; pitcher fly-ball pressure modest,,
702332,Caleb Durbin,BOS,BAL,2026-07-21T23:10:00Z,Scheduled,6,Kyle Bradish,680694,R,R,3.09,0.1541,84.99,96.3574,0.3389,0.0979,0.2917,68.88,5.19,42.07,19.05,28.51,10.3,8.38,36.66,88.54,0.3585,0.1359,21.89,9.3,9.3,9.3,Fenway Park,102,76,9,181 deg,Open-Meteo forecast; MLB fallback,https://forecast.weather.gov/MapClick.php?lat=42.3467&lon=-71.0972,40,0,No,No,6,Yes,Yes,RotoWire projected lineup; MLB probable pitchers,lineup projected / unconfirmed,H:2026/2025 P:2026/2025,,,Direct BvP not yet weighted; 2026/2025 Statcast baseline active,7,9,25,1,Contact streak: 9/25 over last 7 games,"same-side matchup; pitcher baseline 8.4% barrel, 9.3 HR allowed",neutral batted-ball profile; pitcher fly-ball pressure modest,,
680776,Jarren Duran,BOS,BAL,2026-07-21T23:10:00Z,Scheduled,7,Kyle Bradish,680694,R,L,10.68,0.1601,90.26,101.9924,0.3855,0.1543,0.3036,74.94,48.9,39.11,22.58,40.78,13.9,8.38,36.66,88.54,0.3585,0.1359,21.89,9.3,9.3,9.3,Fenway Park,102,76,9,181 deg,Open-Meteo forecast; MLB fallback,https://forecast.weather.gov/MapClick.php?lat=42.3467&lon=-71.0972,40,0,No,No,7,Yes,Yes,RotoWire projected lineup; MLB probable pitchers,lineup projected / unconfirmed,H:2026/2025 P:2026/2025,,,Direct BvP not yet weighted; 2026/2025 Statcast baseline active,7,3,24,0,"Last 7 games: 3/24, 0 HR","platoon edge; pitcher baseline 8.4% barrel, 9.3 HR allowed",neutral batted-ball profile; pitcher fly-ball pressure modest,,
665966,Carlos Narvaez,BOS,BAL,2026-07-21T23:10:00Z,Scheduled,8,Kyle Bradish,680694,R,R,7.91,0.1192,91.31,100.3199,0.3551,0.1403,0.2825,71.95,19.94,31.46,29.82,39.98,6.6,8.38,36.66,88.54,0.3585,0.1359,21.89,9.3,9.3,9.3,Fenway Park,102,76,9,181 deg,Open-Meteo forecast; MLB fallback,https://forecast.weather.gov/MapClick.php?lat=42.3467&lon=-71.0972,40,0,No,No,8,Yes,Yes,RotoWire projected lineup; MLB probable pitchers,lineup projected / unconfirmed,H:2026/2025 P:2026/2025,,,Direct BvP not yet weighted; 2026/2025 Statcast baseline active,7,5,23,1,"Last 7 games: 5/23, 1 HR","same-side matchup; pitcher baseline 8.4% barrel, 9.3 HR allowed",neutral batted-ball profile; pitcher fly-ball pressure modest,,
691907,Tsung-Che Cheng,BOS,BAL,2026-07-21T23:10:00Z,Scheduled,9,Kyle Bradish,680694,R,L,5.81,0.0196,88.16,96.1977,0.3498,0.126,0.2708,65.47,0.0,29.19,30.81,29.56,0.0,8.38,36.66,88.54,0.3585,0.1359,21.89,9.3,9.3,9.3,Fenway Park,102,76,9,181 deg,Open-Meteo forecast; MLB fallback,https://forecast.weather.gov/MapClick.php?lat=42.3467&lon=-71.0972,40,0,No,No,9,Yes,Yes,RotoWire projected lineup; MLB probable pitchers,lineup projected / unconfirmed,H:2026/2025 P:2026/2025,,,Direct BvP not yet weighted; 2026/2025 Statcast baseline active,7,6,17,0,Contact streak: 6/17 over last 7 games,"platoon edge; pitcher baseline 8.4% barrel, 9.3 HR allowed",neutral batted-ball profile; pitcher fly-ball pressure modest,,
665487,Fernando Tatis,SD,ATL,2026-07-21T23:15:00Z,Scheduled,1,Reynaldo López,625643,R,R,11.07,0.129,92.46,104.4078,0.453,0.1708,0.3588,75.4,57.19,32.84,21.1,52.85,12.4,6.04,39.64,88.36,0.4761,0.1727,26.6,5.9,5.9,5.9,Truist Park,106,86,7,236 deg,Open-Meteo forecast; MLB fallback,https://forecast.weather.gov/MapClick.php?lat=33.8907&lon=-84.4677,62,1,No,No,1,Yes,Yes,RotoWire projected lineup; MLB probable pitchers,lineup projected / unconfirmed,H:2026/2025 P:2026/2025,,,Direct BvP not yet weighted; 2026/2025 Statcast baseline active,7,7,27,2,Hot streak: 2 HR in last 7 games,"same-side matchup; pitcher baseline 6.0% barrel, 5.9 HR allowed",EV profile; pitcher fly-ball pressure modest,,
701538,Jackson Merrill,SD,ATL,2026-07-21T23:15:00Z,Scheduled,2,Reynaldo López,625643,R,L,10.69,0.1559,89.63,100.3328,0.4403,0.192,0.3204,72.98,27.25,38.54,27.96,44.58,13.2,6.04,39.64,88.36,0.4761,0.1727,26.6,5.9,5.9,5.9,Truist Park,106,86,7,236 deg,Open-Meteo forecast; MLB fallback,https://forecast.weather.gov/MapClick.php?lat=33.8907&lon=-84.4677,62,1,No,No,2,Yes,Yes,RotoWire projected lineup; MLB probable pitchers,lineup projected / unconfirmed,H:2026/2025 P:2026/2025,,,Direct BvP not yet weighted; 2026/2025 Statcast baseline active,7,7,30,2,Hot streak: 2 HR in last 7 games,"platoon edge; pitcher baseline 6.0% barrel, 5.9 HR allowed",neutral batted-ball profile; pitcher fly-ball pressure modest,,
592518,Manny Machado,SD,ATL,2026-07-21T23:15:00Z,Scheduled,3,Reynaldo López,625643,R,R,11.36,0.206,91.01,101.8144,0.4474,0.2016,0.3354,74.64,44.19,40.29,28.57,45.83,22.1,6.04,39.64,88.36,0.4761,0.1727,26.6,5.9,5.9,5.9,Truist Park,106,86,7,236 deg,Open-Meteo forecast; MLB fallback,https://forecast.weather.gov/MapClick.php?lat=33.8907&lon=-84.4677,62,1,No,No,3,Yes,Yes,RotoWire projected lineup; MLB probable pitchers,lineup projected / unconfirmed,H:2026/2025 P:2026/2025,,,Direct BvP not yet weighted; 2026/2025 Statcast baseline active,7,8,26,1,"Last 7 games: 8/26, 1 HR","same-side matchup; pitcher baseline 6.0% barrel, 5.9 HR allowed",neutral batted-ball profile; pitcher fly-ball pressure modest,,
664034,Ty France,SD,ATL,2026-07-21T23:15:00Z,Scheduled,4,Reynaldo López,625643,R,R,10.64,0.2206,91.39,101.5513,0.4453,0.194,0.3329,71.7,18.13,37.2,23.85,48.05,12.6,6.04,39.64,88.36,0.4761,0.1727,26.6,5.9,5.9,5.9,Truist Park,106,86,7,236 deg,Open-Meteo forecast; MLB fallback,https://forecast.weather.gov/MapClick.php?lat=33.8907&lon=-84.4677,62,1,No,No,4,Yes,Yes,RotoWire projected lineup; MLB probable pitchers,lineup projected / unconfirmed,H:2026/2025 P:2026/2025,,,Direct BvP not yet weighted; 2026/2025 Statcast baseline active,7,12,25,5,Hot streak: 5 HR in last 7 games,"same-side matchup; pitcher baseline 6.0% barrel, 5.9 HR allowed",neutral batted-ball profile; pitcher fly-ball pressure modest,,
657757,Gavin Sheets,SD,ATL,2026-07-21T23:15:00Z,Scheduled,5,Reynaldo López,625643,R,L,7.99,0.1903,88.64,99.8567,0.4152,0.1683,0.3309,74.52,48.26,39.82,23.0,42.37,15.5,6.04,39.64,88.36,0.4761,0.1727,26.6,5.9,5.9,5.9,Truist Park,106,86,7,236 deg,Open-Meteo forecast; MLB fallback,https://forecast.weather.gov/MapClick.php?lat=33.8907&lon=-84.4677,62,1,No,No,5,Yes,Yes,RotoWire projected lineup; MLB probable pitchers,lineup projected / unconfirmed,H:2026/2025 P:2026/2025,,,Direct BvP not yet weighted; 2026/2025 Statcast baseline active,7,1,19,0,"Last 7 games: 1/19, 0 HR","platoon edge; pitcher baseline 6.0% barrel, 5.9 HR allowed",neutral batted-ball profile; pitcher fly-ball pressure modest,,
593428,Xander Bogaerts,SD,ATL,2026-07-21T23:15:00Z,Scheduled,6,Reynaldo López,625643,R,R,6.34,0.1119,88.3,99.7446,0.3815,0.1341,0.3165,72.34,27.68,45.34,23.13,39.06,9.6,6.04,39.64,88.36,0.4761,0.1727,26.6,5.9,5.9,5.9,Truist Park,106,86,7,236 deg,Open-Meteo forecast; MLB fallback,https://forecast.weather.gov/MapClick.php?lat=33.8907&lon=-84.4677,62,1,No,No,6,Yes,Yes,RotoWire projected lineup; MLB probable pitchers,lineup projected / unconfirmed,H:2026/2025 P:2026/2025,,,Direct BvP not yet weighted; 2026/2025 Statcast baseline active,7,4,26,1,"Last 7 games: 4/26, 1 HR","same-side matchup; pitcher baseline 6.0% barrel, 5.9 HR allowed",neutral batted-ball profile; pitcher fly-ball pressure modest,,
630105,Jake Cronenworth,SD,ATL,2026-07-21T23:15:00Z,Scheduled,7,Reynaldo López,625643,R,L,5.99,0.0974,87.73,98.2048,0.3453,0.1203,0.2994,71.74,18.79,32.45,20.76,34.66,5.4,6.04,39.64,88.36,0.4761,0.1727,26.6,5.9,5.9,5.9,Truist Park,106,86,7,236 deg,Open-Meteo forecast; MLB fallback,https://forecast.weather.gov/MapClick.php?lat=33.8907&lon=-84.4677,62,1,No,No,7,Yes,Yes,RotoWire projected lineup; MLB probable pitchers,lineup projected / unconfirmed,H:2026/2025 P:2026/2025,,,Direct BvP not yet weighted; 2026/2025 Statcast baseline active,7,6,24,0,"Last 7 games: 6/24, 0 HR","platoon edge; pitcher baseline 6.0% barrel, 5.9 HR allowed",neutral batted-ball profile; pitcher fly-ball pressure modest,,
666023,Freddy Fermin,SD,ATL,2026-07-21T23:15:00Z,Scheduled,8,Reynaldo López,625643,R,R,3.08,0.1083,87.14,96.6315,0.2968,0.0935,0.2633,69.74,6.42,37.41,28.91,27.59,3.6,6.04,39.64,88.36,0.4761,0.1727,26.6,5.9,5.9,5.9,Truist Park,106,86,7,236 deg,Open-Meteo forecast; MLB fallback,https://forecast.weather.gov/MapClick.php?lat=33.8907&lon=-84.4677,62,1,No,No,8,Yes,Yes,RotoWire projected lineup; MLB probable pitchers,lineup projected / unconfirmed,H:2026/2025 P:2026/2025,,,Direct BvP not yet weighted; 2026/2025 Statcast baseline active,7,4,14,0,"Last 7 games: 4/14, 0 HR","same-side matchup; pitcher baseline 6.0% barrel, 5.9 HR allowed",neutral batted-ball profile; pitcher fly-ball pressure modest,,
823550,Sung-Mun Song,SD,ATL,2026-07-21T23:15:00Z,Scheduled,9,Reynaldo López,625643,R,L,5.3,0.077,86.8,96.8274,0.301,0.099,0.276,71.9,12.7,36.0,25.3,24.0,1.0,6.04,39.64,88.36,0.4761,0.1727,26.6,5.9,5.9,5.9,Truist Park,106,86,7,236 deg,Open-Meteo forecast; MLB fallback,https://forecast.weather.gov/MapClick.php?lat=33.8907&lon=-84.4677,62,1,No,No,9,Yes,Yes,RotoWire projected lineup; MLB probable pitchers,lineup projected / unconfirmed,H:2026 P:2026/2025,,,Direct BvP not yet weighted; 2026/2025 Statcast baseline active,7,5,17,0,"Last 7 games: 5/17, 0 HR","platoon edge; pitcher baseline 6.0% barrel, 5.9 HR allowed",neutral batted-ball profile; pitcher fly-ball pressure modest,,
686948,Drake Baldwin,ATL,SD,2026-07-21T23:15:00Z,Scheduled,1,Walker Buehler,621111,R,L,14.22,0.1999,91.56,102.4633,0.5136,0.2332,0.3768,75.09,53.53,32.08,24.27,50.65,18.3,9.15,40.88,89.65,0.4248,0.1631,23.16,15.0,15.0,15.0,Truist Park,106,86,7,236 deg,Open-Meteo forecast; MLB fallback,https://forecast.weather.gov/MapClick.php?lat=33.8907&lon=-84.4677,62,1,No,No,1,Yes,Yes,RotoWire projected lineup; MLB probable pitchers,lineup projected / unconfirmed,H:2026/2025 P:2026/2025,,,Direct BvP not yet weighted; 2026/2025 Statcast baseline active,7,12,28,3,Hot streak: 3 HR in last 7 games,"platoon edge; pitcher baseline 9.2% barrel, 15.0 HR allowed",neutral batted-ball profile; pitcher fly-ball pressure modest,,
645277,Ozzie Albies,ATL,SD,2026-07-21T23:15:00Z,Scheduled,2,Walker Buehler,621111,R,S,4.41,0.1579,87.01,96.7899,0.366,0.1251,0.2927,69.07,6.16,47.05,30.92,28.53,15.3,9.15,40.88,89.65,0.4248,0.1631,23.16,15.0,15.0,15.0,Truist Park,106,86,7,236 deg,Open-Meteo forecast; MLB fallback,https://forecast.weather.gov/MapClick.php?lat=33.8907&lon=-84.4677,62,1,No,No,2,Yes,Yes,RotoWire projected lineup; MLB probable pitchers,lineup projected / unconfirmed,H:2026/2025 P:2026/2025,,,Direct BvP not yet weighted; 2026/2025 Statcast baseline active,7,5,28,1,"Last 7 games: 5/28, 1 HR","switch hitter; pitcher baseline 9.2% barrel, 15.0 HR allowed",neutral batted-ball profile; pitcher fly-ball pressure modest,,
621566,Matt Olson,ATL,SD,2026-07-21T23:15:00Z,Scheduled,3,Walker Buehler,621111,R,L,14.19,0.2505,92.81,103.9816,0.5067,0.2566,0.36,74.6,48.16,37.09,32.15,51.76,26.9,9.15,40.88,89.65,0.4248,0.1631,23.16,15.0,15.0,15.0,Truist Park,106,86,7,236 deg,Open-Meteo forecast; MLB fallback,https://forecast.weather.gov/MapClick.php?lat=33.8907&lon=-84.4677,62,1,No,No,3,Yes,Yes,RotoWire projected lineup; MLB probable pitchers,lineup projected / unconfirmed,H:2026/2025 P:2026/2025,,,Direct BvP not yet weighted; 2026/2025 Statcast baseline active,7,6,27,1,"Last 7 games: 6/27, 1 HR","platoon edge; pitcher baseline 9.2% barrel, 15.0 HR allowed",EV profile; pitcher fly-ball pressure modest,,
671739,Michael Harris,ATL,SD,2026-07-21T23:15:00Z,Scheduled,4,Walker Buehler,621111,R,L,11.48,0.1915,91.25,103.7447,0.487,0.1991,0.3458,74.65,46.44,35.17,24.1,48.65,18.6,9.15,40.88,89.65,0.4248,0.1631,23.16,15.0,15.0,15.0,Truist Park,106,86,7,236 deg,Open-Meteo forecast; MLB fallback,https://forecast.weather.gov/MapClick.php?lat=33.8907&lon=-84.4677,62,1,No,No,4,Yes,Yes,RotoWire projected lineup; MLB probable pitchers,lineup projected / unconfirmed,H:2026/2025 P:2026/2025,,,Direct BvP not yet weighted; 2026/2025 Statcast baseline active,7,8,30,2,Hot streak: 2 HR in last 7 games,"platoon edge; pitcher baseline 9.2% barrel, 15.0 HR allowed",neutral batted-ball profile; pitcher fly-ball pressure modest,,
643289,Mauricio Dubon,ATL,SD,2026-07-21T23:15:00Z,Scheduled,5,Walker Buehler,621111,R,R,3.58,0.1392,85.83,96.4274,0.3702,0.1099,0.3004,68.76,3.26,32.24,24.88,29.38,9.1,9.15,40.88,89.65,0.4248,0.1631,23.16,15.0,15.0,15.0,Truist Park,106,86,7,236 deg,Open-Meteo forecast; MLB fallback,https://forecast.weather.gov/MapClick.php?lat=33.8907&lon=-84.4677,62,1,No,No,5,Yes,Yes,RotoWire projected lineup; MLB probable pitchers,lineup projected / unconfirmed,H:2026/2025 P:2026/2025,,,Direct BvP not yet weighted; 2026/2025 Statcast baseline active,7,5,29,1,"Last 7 games: 5/29, 1 HR","same-side matchup; pitcher baseline 9.2% barrel, 15.0 HR allowed",neutral batted-ball profile; pitcher fly-ball pressure modest,,
642086,Dominic Smith,ATL,SD,2026-07-21T23:15:00Z,Scheduled,6,Walker Buehler,621111,R,L,5.39,0.1246,87.77,98.1775,0.3945,0.1394,0.3109,68.4,5.08,36.51,28.4,35.57,5.7,9.15,40.88,89.65,0.4248,0.1631,23.16,15.0,15.0,15.0,Truist Park,106,86,7,236 deg,Open-Meteo forecast; MLB fallback,https://forecast.weather.gov/MapClick.php?lat=33.8907&lon=-84.4677,62,1,No,No,6,Yes,Yes,RotoWire projected lineup; MLB probable pitchers,lineup projected / unconfirmed,H:2026/2025 P:2026/2025,,,Direct BvP not yet weighted; 2026/2025 Statcast baseline active,7,2,14,0,"Last 7 games: 2/14, 0 HR","platoon edge; pitcher baseline 9.2% barrel, 15.0 HR allowed",neutral batted-ball profile; pitcher fly-ball pressure modest,,
663586,Austin Riley,ATL,SD,2026-07-21T23:15:00Z,Scheduled,7,Walker Buehler,621111,R,R,12.61,0.1505,90.97,102.4674,0.4146,0.1935,0.3104,75.83,58.82,40.01,32.55,45.16,13.2,9.15,40.88,89.65,0.4248,0.1631,23.16,15.0,15.0,15.0,Truist Park,106,86,7,236 deg,Open-Meteo forecast; MLB fallback,https://forecast.weather.gov/MapClick.php?lat=33.8907&lon=-84.4677,62,1,No,No,7,Yes,Yes,RotoWire projected lineup; MLB probable pitchers,lineup projected / unconfirmed,H:2026/2025 P:2026/2025,,,Direct BvP not yet weighted; 2026/2025 Statcast baseline active,7,8,23,3,Hot streak: 3 HR in last 7 games,"same-side matchup; pitcher baseline 9.2% barrel, 15.0 HR allowed",neutral batted-ball profile; pitcher fly-ball pressure modest,,
573262,Mike Yastrzemski,ATL,SD,2026-07-21T23:15:00Z,Scheduled,8,Walker Buehler,621111,R,L,7.1,0.1455,90.52,99.7619,0.3735,0.1414,0.3122,71.2,7.95,44.01,31.05,43.23,9.3,9.15,40.88,89.65,0.4248,0.1631,23.16,15.0,15.0,15.0,Truist Park,106,86,7,236 deg,Open-Meteo forecast; MLB fallback,https://forecast.weather.gov/MapClick.php?lat=33.8907&lon=-84.4677,62,1,No,No,8,Yes,Yes,RotoWire projected lineup; MLB probable pitchers,lineup projected / unconfirmed,H:2026/2025 P:2026/2025,,,Direct BvP not yet weighted; 2026/2025 Statcast baseline active,7,7,20,2,Hot streak: 2 HR in last 7 games,"platoon edge; pitcher baseline 9.2% barrel, 15.0 HR allowed",neutral batted-ball profile; pitcher fly-ball pressure modest,,
805347,Jim Jarvis,ATL,SD,2026-07-21T23:15:00Z,Scheduled,9,Walker Buehler,621111,R,L,8.3,0.133,87.9,98.1105,0.332,0.103,0.262,70.9,12.7,38.9,19.4,38.9,1.0,9.15,40.88,89.65,0.4248,0.1631,23.16,15.0,15.0,15.0,Truist Park,106,86,7,236 deg,Open-Meteo forecast; MLB fallback,https://forecast.weather.gov/MapClick.php?lat=33.8907&lon=-84.4677,62,1,No,No,9,Yes,Yes,RotoWire projected lineup; MLB probable pitchers,lineup projected / unconfirmed,H:2026 P:2026/2025,,,Direct BvP not yet weighted; 2026/2025 Statcast baseline active,7,5,21,0,"Last 7 games: 5/21, 0 HR","platoon edge; pitcher baseline 9.2% barrel, 15.0 HR allowed",neutral batted-ball profile; pitcher fly-ball pressure modest,,
650333,Luis Arraez,SF,KC,2026-07-21T23:40:00Z,Scheduled,1,Luinder Avila,679883,R,L,0.68,0.1189,86.73,94.0825,0.3679,0.083,0.3037,63.09,0.12,30.31,26.77,19.99,5.2,5.63,34.16,87.81,0.3487,0.1291,23.31,4.2,4.2,4.2,Kauffman Stadium,92,95,8,209 deg,Open-Meteo forecast; MLB fallback,https://forecast.weather.gov/MapClick.php?lat=39.0517&lon=-94.4803,49,0,No,No,1,Yes,Yes,RotoWire projected lineup; MLB probable pitchers,lineup projected / unconfirmed,H:2026/2025 P:2026/2025,,,Direct BvP not yet weighted; 2026/2025 Statcast baseline active,7,8,28,0,"Last 7 games: 8/28, 0 HR","platoon edge; pitcher baseline 5.6% barrel, 4.2 HR allowed",neutral batted-ball profile; pitcher fly-ball pressure modest,,
805811,Bryce Eldridge,SF,KC,2026-07-21T23:40:00Z,Scheduled,2,Luinder Avila,679883,R,L,16.74,0.17,93.43,103.7781,0.5044,0.2659,0.3699,73.04,28.51,42.33,36.91,59.07,7.0,5.63,34.16,87.81,0.3487,0.1291,23.31,4.2,4.2,4.2,Kauffman Stadium,92,95,8,209 deg,Open-Meteo forecast; MLB fallback,https://forecast.weather.gov/MapClick.php?lat=39.0517&lon=-94.4803,49,0,No,No,2,Yes,Yes,RotoWire projected lineup; MLB probable pitchers,lineup projected / unconfirmed,H:2026/2025 P:2026/2025,,,Direct BvP not yet weighted; 2026/2025 Statcast baseline active,7,6,25,2,Hot streak: 2 HR in last 7 games,"platoon edge; pitcher baseline 5.6% barrel, 4.2 HR allowed",lift-pull EV profile; pitcher fly-ball pressure modest,,
669477,Casey Schmitt,SF,KC,2026-07-21T23:40:00Z,Scheduled,3,Luinder Avila,679883,R,R,11.24,0.1941,89.64,100.6664,0.492,0.2115,0.3483,72.26,25.64,40.92,33.01,44.01,16.9,5.63,34.16,87.81,0.3487,0.1291,23.31,4.2,4.2,4.2,Kauffman Stadium,92,95,8,209 deg,Open-Meteo forecast; MLB fallback,https://forecast.weather.gov/MapClick.php?lat=39.0517&lon=-94.4803,49,0,No,No,3,Yes,Yes,RotoWire projected lineup; MLB probable pitchers,lineup projected / unconfirmed,H:2026/2025 P:2026/2025,,,Direct BvP not yet weighted; 2026/2025 Statcast baseline active,7,7,29,1,"Last 7 games: 7/29, 1 HR","same-side matchup; pitcher baseline 5.6% barrel, 4.2 HR allowed",neutral batted-ball profile; pitcher fly-ball pressure modest,,
646240,Rafael Devers,SF,KC,2026-07-21T23:40:00Z,Scheduled,4,Luinder Avila,679883,R,L,12.78,0.2277,92.52,103.0246,0.4583,0.2259,0.3334,71.74,21.41,33.84,33.39,51.83,24.5,5.63,34.16,87.81,0.3487,0.1291,23.31,4.2,4.2,4.2,Kauffman Stadium,92,95,8,209 deg,Open-Meteo forecast; MLB fallback,https://forecast.weather.gov/MapClick.php?lat=39.0517&lon=-94.4803,49,0,No,No,4,Yes,Yes,RotoWire projected lineup; MLB probable pitchers,lineup projected / unconfirmed,H:2026/2025 P:2026/2025,,,Direct BvP not yet weighted; 2026/2025 Statcast baseline active,7,5,26,2,Hot streak: 2 HR in last 7 games,"platoon edge; pitcher baseline 5.6% barrel, 4.2 HR allowed",EV profile; pitcher fly-ball pressure modest,,
671218,Heliot Ramos,SF,KC,2026-07-21T23:40:00Z,Scheduled,5,Luinder Avila,679883,R,R,13.84,0.1783,92.36,103.3224,0.4702,0.2058,0.3347,72.74,30.35,35.13,23.93,49.64,12.6,5.63,34.16,87.81,0.3487,0.1291,23.31,4.2,4.2,4.2,Kauffman Stadium,92,95,8,209 deg,Open-Meteo forecast; MLB fallback,https://forecast.weather.gov/MapClick.php?lat=39.0517&lon=-94.4803,49,0,No,No,5,Yes,Yes,RotoWire projected lineup; MLB probable pitchers,lineup projected / unconfirmed,H:2026/2025 P:2026/2025,,,Direct BvP not yet weighted; 2026/2025 Statcast baseline active,7,8,29,1,"Last 7 games: 8/29, 1 HR","same-side matchup; pitcher baseline 5.6% barrel, 4.2 HR allowed",EV profile; pitcher fly-ball pressure modest,,
808982,Jung Hoo Lee,SF,KC,2026-07-21T23:40:00Z,Scheduled,6,Luinder Avila,679883,R,L,2.65,0.127,87.1,96.566,0.3808,0.0933,0.3147,68.37,2.84,39.44,22.17,29.69,5.9,5.63,34.16,87.81,0.3487,0.1291,23.31,4.2,4.2,4.2,Kauffman Stadium,92,95,8,209 deg,Open-Meteo forecast; MLB fallback,https://forecast.weather.gov/MapClick.php?lat=39.0517&lon=-94.4803,49,0,No,No,6,Yes,Yes,RotoWire projected lineup; MLB probable pitchers,lineup projected / unconfirmed,H:2026/2025 P:2026/2025,,,Direct BvP not yet weighted; 2026/2025 Statcast baseline active,7,6,27,0,"Last 7 games: 6/27, 0 HR","platoon edge; pitcher baseline 5.6% barrel, 4.2 HR allowed",neutral batted-ball profile; pitcher fly-ball pressure modest,,
642715,Willy Adames,SF,KC,2026-07-21T23:40:00Z,Scheduled,7,Luinder Avila,679883,R,R,10.5,0.203,88.41,99.2454,0.4098,0.1872,0.3039,72.31,24.0,47.84,34.76,40.98,21.6,5.63,34.16,87.81,0.3487,0.1291,23.31,4.2,4.2,4.2,Kauffman Stadium,92,95,8,209 deg,Open-Meteo forecast; MLB fallback,https://forecast.weather.gov/MapClick.php?lat=39.0517&lon=-94.4803,49,0,No,No,7,Yes,Yes,RotoWire projected lineup; MLB probable pitchers,lineup projected / unconfirmed,H:2026/2025 P:2026/2025,,,Direct BvP not yet weighted; 2026/2025 Statcast baseline active,7,6,28,3,Hot streak: 3 HR in last 7 games,"same-side matchup; pitcher baseline 5.6% barrel, 4.2 HR allowed",neutral batted-ball profile; pitcher fly-ball pressure modest,,
687551,Drew Gilbert,SF,KC,2026-07-21T23:40:00Z,Scheduled,8,Luinder Avila,679883,R,L,2.73,0.1376,85.83,97.4321,0.3304,0.0957,0.2854,70.52,10.44,39.93,18.5,33.63,3.7,5.63,34.16,87.81,0.3487,0.1291,23.31,4.2,4.2,4.2,Kauffman Stadium,92,95,8,209 deg,Open-Meteo forecast; MLB fallback,https://forecast.weather.gov/MapClick.php?lat=39.0517&lon=-94.4803,49,0,No,No,8,Yes,Yes,RotoWire projected lineup; MLB probable pitchers,lineup projected / unconfirmed,H:2026/2025 P:2026/2025,,,Direct BvP not yet weighted; 2026/2025 Statcast baseline active,7,4,27,0,"Last 7 games: 4/27, 0 HR","platoon edge; pitcher baseline 5.6% barrel, 4.2 HR allowed",neutral batted-ball profile; pitcher fly-ball pressure modest,,
691740,Daniel Susac,SF,KC,2026-07-21T23:40:00Z,Scheduled,9,Luinder Avila,679883,R,R,4.8,0.072,86.5,96.8893,0.345,0.086,0.294,68.9,3.8,41.7,29.8,29.8,0.0,5.63,34.16,87.81,0.3487,0.1291,23.31,4.2,4.2,4.2,Kauffman Stadium,92,95,8,209 deg,Open-Meteo forecast; MLB fallback,https://forecast.weather.gov/MapClick.php?lat=39.0517&lon=-94.4803,49,0,No,No,9,Yes,Yes,RotoWire projected lineup; MLB probable pitchers,lineup projected / unconfirmed,H:2026 P:2026/2025,,,Direct BvP not yet weighted; 2026/2025 Statcast baseline active,7,2,16,0,"Last 7 games: 2/16, 0 HR","same-side matchup; pitcher baseline 5.6% barrel, 4.2 HR allowed",neutral batted-ball profile; pitcher fly-ball pressure modest,,
695600,Carter Jensen,KC,SF,2026-07-21T23:40:00Z,Scheduled,1,Tyler Mahle,641816,R,L,12.75,0.2059,92.18,102.8459,0.4454,0.1983,0.3336,74.2,40.22,38.83,29.79,47.87,10.0,7.58,35.56,89.13,0.4032,0.1509,27.05,9.9,9.9,9.9,Kauffman Stadium,92,95,8,209 deg,Open-Meteo forecast; MLB fallback,https://forecast.weather.gov/MapClick.php?lat=39.0517&lon=-94.4803,49,0,No,No,1,Yes,Yes,RotoWire projected lineup; MLB probable pitchers,lineup projected / unconfirmed,H:2026/2025 P:2026/2025,,,Direct BvP not yet weighted; 2026/2025 Statcast baseline active,7,6,29,0,"Last 7 games: 6/29, 0 HR","platoon edge; pitcher baseline 7.6% barrel, 9.9 HR allowed",EV profile; pitcher fly-ball pressure modest,,
677951,Bobby Witt,KC,SF,2026-07-21T23:40:00Z,Scheduled,2,Tyler Mahle,641816,R,R,12.29,0.1815,93.02,103.6933,0.5143,0.2136,0.3797,73.95,41.98,29.54,26.64,51.09,16.0,7.58,35.56,89.13,0.4032,0.1509,27.05,9.9,9.9,9.9,Kauffman Stadium,92,95,8,209 deg,Open-Meteo forecast; MLB fallback,https://forecast.weather.gov/MapClick.php?lat=39.0517&lon=-94.4803,49,0,No,No,2,Yes,Yes,RotoWire projected lineup; MLB probable pitchers,lineup projected / unconfirmed,H:2026/2025 P:2026/2025,,,Direct BvP not yet weighted; 2026/2025 Statcast baseline active,7,4,26,1,"Last 7 games: 4/26, 1 HR","same-side matchup; pitcher baseline 7.6% barrel, 9.9 HR allowed",EV profile; pitcher fly-ball pressure modest,,
695506,Jac Caglianone,KC,SF,2026-07-21T23:40:00Z,Scheduled,3,Tyler Mahle,641816,R,L,14.17,0.1856,91.85,104.9658,0.4786,0.2178,0.3455,77.33,74.97,43.51,22.4,51.36,13.3,7.58,35.56,89.13,0.4032,0.1509,27.05,9.9,9.9,9.9,Kauffman Stadium,92,95,8,209 deg,Open-Meteo forecast; MLB fallback,https://forecast.weather.gov/MapClick.php?lat=39.0517&lon=-94.4803,49,0,No,No,3,Yes,Yes,RotoWire projected lineup; MLB probable pitchers,lineup projected / unconfirmed,H:2026/2025 P:2026/2025,,,Direct BvP not yet weighted; 2026/2025 Statcast baseline active,7,8,28,2,Hot streak: 2 HR in last 7 games,"platoon edge; pitcher baseline 7.6% barrel, 9.9 HR allowed",neutral batted-ball profile; pitcher fly-ball pressure modest,,
657041,Lane Thomas,KC,SF,2026-07-21T23:40:00Z,Scheduled,4,Tyler Mahle,641816,R,R,6.41,0.1561,89.06,99.7541,0.3609,0.1306,0.3074,72.49,23.5,43.94,25.86,39.42,7.5,7.58,35.56,89.13,0.4032,0.1509,27.05,9.9,9.9,9.9,Kauffman Stadium,92,95,8,209 deg,Open-Meteo forecast; MLB fallback,https://forecast.weather.gov/MapClick.php?lat=39.0517&lon=-94.4803,49,0,No,No,4,Yes,Yes,RotoWire projected lineup; MLB probable pitchers,lineup projected / unconfirmed,H:2026/2025 P:2026/2025,,,Direct BvP not yet weighted; 2026/2025 Statcast baseline active,7,9,27,2,Hot streak: 2 HR in last 7 games,"same-side matchup; pitcher baseline 7.6% barrel, 9.9 HR allowed",neutral batted-ball profile; pitcher fly-ball pressure modest,,
686469,Vinnie Pasquantino,KC,SF,2026-07-21T23:40:00Z,Scheduled,5,Tyler Mahle,641816,R,L,8.35,0.1459,89.29,99.7133,0.4119,0.1644,0.3221,70.96,14.78,43.0,28.23,40.01,13.8,7.58,35.56,89.13,0.4032,0.1509,27.05,9.9,9.9,9.9,Kauffman Stadium,92,95,8,209 deg,Open-Meteo forecast; MLB fallback,https://forecast.weather.gov/MapClick.php?lat=39.0517&lon=-94.4803,49,0,No,No,5,Yes,Yes,RotoWire projected lineup; MLB probable pitchers,lineup projected / unconfirmed,H:2026/2025 P:2026/2025,,,Direct BvP not yet weighted; 2026/2025 Statcast baseline active,7,5,24,0,"Last 7 games: 5/24, 0 HR","platoon edge; pitcher baseline 7.6% barrel, 9.9 HR allowed",neutral batted-ball profile; pitcher fly-ball pressure modest,,
521692,Salvador Perez,KC,SF,2026-07-21T23:40:00Z,Scheduled,6,Tyler Mahle,641816,R,R,11.3,0.1652,89.3,100.7648,0.4402,0.1995,0.3122,72.06,22.52,42.05,30.01,43.76,18.1,7.58,35.56,89.13,0.4032,0.1509,27.05,9.9,9.9,9.9,Kauffman Stadium,92,95,8,209 deg,Open-Meteo forecast; MLB fallback,https://forecast.weather.gov/MapClick.php?lat=39.0517&lon=-94.4803,49,0,No,No,6,Yes,Yes,RotoWire projected lineup; MLB probable pitchers,lineup projected / unconfirmed,H:2026/2025 P:2026/2025,,,Direct BvP not yet weighted; 2026/2025 Statcast baseline active,7,6,23,2,Hot streak: 2 HR in last 7 games,"same-side matchup; pitcher baseline 7.6% barrel, 9.9 HR allowed",neutral batted-ball profile; pitcher fly-ball pressure modest,,
686681,Michael Massey,KC,SF,2026-07-21T23:40:00Z,Scheduled,7,Tyler Mahle,641816,R,L,5.68,0.1313,89.32,98.7282,0.3922,0.1486,0.293,71.5,11.94,48.31,33.04,38.88,5.8,7.58,35.56,89.13,0.4032,0.1509,27.05,9.9,9.9,9.9,Kauffman Stadium,92,95,8,209 deg,Open-Meteo forecast; MLB fallback,https://forecast.weather.gov/MapClick.php?lat=39.0517&lon=-94.4803,49,0,No,No,7,Yes,Yes,RotoWire projected lineup; MLB probable pitchers,lineup projected / unconfirmed,H:2026/2025 P:2026/2025,,,Direct BvP not yet weighted; 2026/2025 Statcast baseline active,7,7,23,0,"Last 7 games: 7/23, 0 HR","platoon edge; pitcher baseline 7.6% barrel, 9.9 HR allowed",neutral batted-ball profile; pitcher fly-ball pressure modest,,
679845,Nick Loftin,KC,SF,2026-07-21T23:40:00Z,Scheduled,8,Tyler Mahle,641816,R,R,5.25,0.1518,87.64,96.934,0.3576,0.12,0.3038,69.12,4.99,44.36,27.24,30.57,4.0,7.58,35.56,89.13,0.4032,0.1509,27.05,9.9,9.9,9.9,Kauffman Stadium,92,95,8,209 deg,Open-Meteo forecast; MLB fallback,https://forecast.weather.gov/MapClick.php?lat=39.0517&lon=-94.4803,49,0,No,No,8,Yes,Yes,RotoWire projected lineup; MLB probable pitchers,lineup projected / unconfirmed,H:2026/2025 P:2026/2025,,,Direct BvP not yet weighted; 2026/2025 Statcast baseline active,7,5,25,0,"Last 7 games: 5/25, 0 HR","same-side matchup; pitcher baseline 7.6% barrel, 9.9 HR allowed",neutral batted-ball profile; pitcher fly-ball pressure modest,,
686555,Isaac Collins,KC,SF,2026-07-21T23:40:00Z,Scheduled,9,Tyler Mahle,641816,R,S,5.46,0.1284,88.66,100.0596,0.3443,0.1025,0.3143,73.26,30.27,41.1,26.51,40.79,6.2,7.58,35.56,89.13,0.4032,0.1509,27.05,9.9,9.9,9.9,Kauffman Stadium,92,95,8,209 deg,Open-Meteo forecast; MLB fallback,https://forecast.weather.gov/MapClick.php?lat=39.0517&lon=-94.4803,49,0,No,No,9,Yes,Yes,RotoWire projected lineup; MLB probable pitchers,lineup projected / unconfirmed,H:2026/2025 P:2026/2025,,,Direct BvP not yet weighted; 2026/2025 Statcast baseline active,7,8,25,1,Contact streak: 8/25 over last 7 games,"switch hitter; pitcher baseline 7.6% barrel, 9.9 HR allowed",neutral batted-ball profile; pitcher fly-ball pressure modest,,
805999,A.J. Ewing,NYM,MIL,2026-07-21T23:40:00Z,Scheduled,1,Brandon Sproat,687075,R,L,7.2,0.154,89.5,100.306,0.41,0.151,0.327,70.4,11.6,32.9,25.7,42.8,7.0,7.25,41.26,89.37,0.3948,0.1465,22.41,10.5,10.5,10.5,American Family Field,100,82,16,209 deg,Open-Meteo forecast; MLB fallback,https://forecast.weather.gov/MapClick.php?lat=43.0280&lon=-87.9712,63,2,No,No,1,Yes,Yes,RotoWire projected lineup; MLB probable pitchers,lineup projected / unconfirmed,H:2026 P:2026/2025,,,Direct BvP not yet weighted; 2026/2025 Statcast baseline active,7,7,30,0,"Last 7 games: 7/30, 0 HR","platoon edge; pitcher baseline 7.2% barrel, 10.5 HR allowed",neutral batted-ball profile; pitcher fly-ball pressure modest,,
665742,Juan Soto,NYM,MIL,2026-07-21T23:40:00Z,Scheduled,2,Brandon Sproat,687075,R,L,15.61,0.2606,92.89,103.1204,0.5996,0.3028,0.4255,72.55,30.75,39.53,32.33,50.47,27.6,7.25,41.26,89.37,0.3948,0.1465,22.41,10.5,10.5,10.5,American Family Field,100,82,16,209 deg,Open-Meteo forecast; MLB fallback,https://forecast.weather.gov/MapClick.php?lat=43.0280&lon=-87.9712,63,2,No,No,2,Yes,Yes,RotoWire projected lineup; MLB probable pitchers,lineup projected / unconfirmed,H:2026/2025 P:2026/2025,,,Direct BvP not yet weighted; 2026/2025 Statcast baseline active,7,4,23,0,"Last 7 games: 4/23, 0 HR","platoon edge; pitcher baseline 7.2% barrel, 10.5 HR allowed",lift-pull EV profile; pitcher fly-ball pressure modest,,
666182,Bo Bichette,NYM,MIL,2026-07-21T23:40:00Z,Scheduled,3,Brandon Sproat,687075,R,R,7.13,0.1349,90.16,101.3117,0.4359,0.151,0.3355,69.8,13.53,26.07,23.37,44.6,12.4,7.25,41.26,89.37,0.3948,0.1465,22.41,10.5,10.5,10.5,American Family Field,100,82,16,209 deg,Open-Meteo forecast; MLB fallback,https://forecast.weather.gov/MapClick.php?lat=43.0280&lon=-87.9712,63,2,No,No,3,Yes,Yes,RotoWire projected lineup; MLB probable pitchers,lineup projected / unconfirmed,H:2026/2025 P:2026/2025,,,Direct BvP not yet weighted; 2026/2025 Statcast baseline active,7,4,19,0,"Last 7 games: 4/19, 0 HR","same-side matchup; pitcher baseline 7.2% barrel, 10.5 HR allowed",neutral batted-ball profile; pitcher fly-ball pressure modest,,
596019,Francisco Lindor,NYM,MIL,2026-07-21T23:40:00Z,Scheduled,4,Brandon Sproat,687075,R,S,9.32,0.1766,91.62,100.4026,0.4484,0.1919,0.3429,72.19,21.65,44.83,28.69,47.55,13.5,7.25,41.26,89.37,0.3948,0.1465,22.41,10.5,10.5,10.5,American Family Field,100,82,16,209 deg,Open-Meteo forecast; MLB fallback,https://forecast.weather.gov/MapClick.php?lat=43.0280&lon=-87.9712,63,2,No,No,4,Yes,Yes,RotoWire projected lineup; MLB probable pitchers,lineup projected / unconfirmed,H:2026/2025 P:2026/2025,,,Direct BvP not yet weighted; 2026/2025 Statcast baseline active,7,7,26,2,Hot streak: 2 HR in last 7 games,"switch hitter; pitcher baseline 7.2% barrel, 10.5 HR allowed",neutral batted-ball profile; pitcher fly-ball pressure modest,,
701807,Carson Benge,NYM,MIL,2026-07-21T23:40:00Z,Scheduled,5,Brandon Sproat,687075,R,L,7.6,0.135,89.2,100.0693,0.441,0.157,0.343,71.1,18.3,32.3,26.2,40.9,11.0,7.25,41.26,89.37,0.3948,0.1465,22.41,10.5,10.5,10.5,American Family Field,100,82,16,209 deg,Open-Meteo forecast; MLB fallback,https://forecast.weather.gov/MapClick.php?lat=43.0280&lon=-87.9712,63,2,No,No,5,Yes,Yes,RotoWire projected lineup; MLB probable pitchers,lineup projected / unconfirmed,H:2026 P:2026/2025,,,Direct BvP not yet weighted; 2026/2025 Statcast baseline active,7,5,25,0,"Last 7 games: 5/25, 0 HR","platoon edge; pitcher baseline 7.2% barrel, 10.5 HR allowed",neutral batted-ball profile; pitcher fly-ball pressure modest,,
673357,Luis Robert,NYM,MIL,2026-07-21T23:40:00Z,Scheduled,6,Brandon Sproat,687075,R,R,5.12,0.1137,90.17,102.0006,0.3854,0.1443,0.3175,75.74,60.27,38.6,25.77,42.93,5.6,7.25,41.26,89.37,0.3948,0.1465,22.41,10.5,10.5,10.5,American Family Field,100,82,16,209 deg,Open-Meteo forecast; MLB fallback,https://forecast.weather.gov/MapClick.php?lat=43.0280&lon=-87.9712,63,2,No,No,6,Yes,Yes,RotoWire projected lineup; MLB probable pitchers,lineup projected / unconfirmed,H:2026/2025 P:2026/2025,,,Direct BvP not yet weighted; 2026/2025 Statcast baseline active,7,4,27,0,"Last 7 games: 4/27, 0 HR","same-side matchup; pitcher baseline 7.2% barrel, 10.5 HR allowed",neutral batted-ball profile; pitcher fly-ball pressure modest,,
676724,Jared Young,NYM,MIL,2026-07-21T23:40:00Z,Scheduled,7,Brandon Sproat,687075,R,L,11.57,0.2089,88.03,100.7524,0.4196,0.192,0.317,73.44,34.51,42.24,25.9,44.06,5.4,7.25,41.26,89.37,0.3948,0.1465,22.41,10.5,10.5,10.5,American Family Field,100,82,16,209 deg,Open-Meteo forecast; MLB fallback,https://forecast.weather.gov/MapClick.php?lat=43.0280&lon=-87.9712,63,2,No,No,7,Yes,Yes,RotoWire projected lineup; MLB probable pitchers,lineup projected / unconfirmed,H:2026/2025 P:2026/2025,,,Direct BvP not yet weighted; 2026/2025 Statcast baseline active,7,6,18,0,Contact streak: 6/18 over last 7 games,"platoon edge; pitcher baseline 7.2% barrel, 10.5 HR allowed",neutral batted-ball profile; pitcher fly-ball pressure modest,,
543760,Marcus Semien,NYM,MIL,2026-07-21T23:40:00Z,Scheduled,8,Brandon Sproat,687075,R,R,7.57,0.127,86.76,97.5693,0.402,0.1551,0.3117,68.61,2.99,46.84,31.02,34.86,10.8,7.25,41.26,89.37,0.3948,0.1465,22.41,10.5,10.5,10.5,American Family Field,100,82,16,209 deg,Open-Meteo forecast; MLB fallback,https://forecast.weather.gov/MapClick.php?lat=43.0280&lon=-87.9712,63,2,No,No,8,Yes,Yes,RotoWire projected lineup; MLB probable pitchers,lineup projected / unconfirmed,H:2026/2025 P:2026/2025,,,Direct BvP not yet weighted; 2026/2025 Statcast baseline active,7,1,28,0,"Last 7 games: 1/28, 0 HR","same-side matchup; pitcher baseline 7.2% barrel, 10.5 HR allowed",neutral batted-ball profile; pitcher fly-ball pressure modest,,
682626,Francisco Alvarez,NYM,MIL,2026-07-21T23:40:00Z,Scheduled,9,Brandon Sproat,687075,R,R,14.83,0.1854,91.0,102.6252,0.4531,0.2129,0.333,74.14,43.32,40.06,24.61,46.81,11.0,7.25,41.26,89.37,0.3948,0.1465,22.41,10.5,10.5,10.5,American Family Field,100,82,16,209 deg,Open-Meteo forecast; MLB fallback,https://forecast.weather.gov/MapClick.php?lat=43.0280&lon=-87.9712,63,2,No,No,9,Yes,Yes,RotoWire projected lineup; MLB probable pitchers,lineup projected / unconfirmed,H:2026/2025 P:2026/2025,,,Direct BvP not yet weighted; 2026/2025 Statcast baseline active,7,7,23,2,Hot streak: 2 HR in last 7 games,"same-side matchup; pitcher baseline 7.2% barrel, 10.5 HR allowed",neutral batted-ball profile; pitcher fly-ball pressure modest,,
592885,Christian Yelich,MIL,NYM,2026-07-21T23:40:00Z,Scheduled,1,Zac Thornton,804267,L,L,7.85,0.1544,89.36,100.9756,0.3823,0.1548,0.3069,73.26,32.59,35.71,19.79,43.18,12.9,8.5,38.3,90.0,0.406,0.163,38.3,1.0,1.0,1.0,American Family Field,100,82,16,209 deg,Open-Meteo forecast; MLB fallback,https://forecast.weather.gov/MapClick.php?lat=43.0280&lon=-87.9712,63,2,No,No,1,Yes,Yes,RotoWire projected lineup; MLB probable pitchers,lineup projected / unconfirmed,H:2026/2025 P:2026,,,Direct BvP not yet weighted; 2026/2025 Statcast baseline active,7,6,27,0,"Last 7 games: 6/27, 0 HR","same-side matchup; pitcher baseline 8.5% barrel, 1.0 HR allowed",neutral batted-ball profile; pitcher allows elevated contact,,
694192,Jackson Chourio,MIL,NYM,2026-07-21T23:40:00Z,Scheduled,2,Zac Thornton,804267,L,R,12.08,0.2014,91.33,102.1582,0.4519,0.2028,0.3259,74.53,47.0,33.04,27.66,45.03,15.4,8.5,38.3,90.0,0.406,0.163,38.3,1.0,1.0,1.0,American Family Field,100,82,16,209 deg,Open-Meteo forecast; MLB fallback,https://forecast.weather.gov/MapClick.php?lat=43.0280&lon=-87.9712,63,2,No,No,2,Yes,Yes,RotoWire projected lineup; MLB probable pitchers,lineup projected / unconfirmed,H:2026/2025 P:2026,,,Direct BvP not yet weighted; 2026/2025 Statcast baseline active,7,5,24,0,"Last 7 games: 5/24, 0 HR","platoon edge; pitcher baseline 8.5% barrel, 1.0 HR allowed",neutral batted-ball profile; pitcher allows elevated contact,,
668930,Brice Turang,MIL,NYM,2026-07-21T23:40:00Z,Scheduled,3,Zac Thornton,804267,L,L,8.21,0.1813,90.82,100.5854,0.4353,0.1803,0.3413,70.25,12.43,27.51,24.55,45.02,15.2,8.5,38.3,90.0,0.406,0.163,38.3,1.0,1.0,1.0,American Family Field,100,82,16,209 deg,Open-Meteo forecast; MLB fallback,https://forecast.weather.gov/MapClick.php?lat=43.0280&lon=-87.9712,63,2,No,No,3,Yes,Yes,RotoWire projected lineup; MLB probable pitchers,lineup projected / unconfirmed,H:2026/2025 P:2026,,,Direct BvP not yet weighted; 2026/2025 Statcast baseline active,7,5,27,2,Hot streak: 2 HR in last 7 games,"same-side matchup; pitcher baseline 8.5% barrel, 1.0 HR allowed",neutral batted-ball profile; pitcher allows elevated contact,,
661388,William Contreras,MIL,NYM,2026-07-21T23:40:00Z,Scheduled,4,Zac Thornton,804267,L,R,7.17,0.1285,90.47,101.5571,0.4301,0.1646,0.335,73.27,35.7,37.02,23.59,44.65,12.1,8.5,38.3,90.0,0.406,0.163,38.3,1.0,1.0,1.0,American Family Field,100,82,16,209 deg,Open-Meteo forecast; MLB fallback,https://forecast.weather.gov/MapClick.php?lat=43.0280&lon=-87.9712,63,2,No,No,4,Yes,Yes,RotoWire projected lineup; MLB probable pitchers,lineup projected / unconfirmed,H:2026/2025 P:2026,,,Direct BvP not yet weighted; 2026/2025 Statcast baseline active,7,4,23,1,"Last 7 games: 4/23, 1 HR","platoon edge; pitcher baseline 8.5% barrel, 1.0 HR allowed",neutral batted-ball profile; pitcher allows elevated contact,,
683734,Andrew Vaughn,MIL,NYM,2026-07-21T23:40:00Z,Scheduled,5,Zac Thornton,804267,L,R,6.68,0.1717,90.48,99.8727,0.4174,0.1409,0.3427,70.35,10.03,35.26,23.92,43.43,6.3,8.5,38.3,90.0,0.406,0.163,38.3,1.0,1.0,1.0,American Family Field,100,82,16,209 deg,Open-Meteo forecast; MLB fallback,https://forecast.weather.gov/MapClick.php?lat=43.0280&lon=-87.9712,63,2,No,No,5,Yes,Yes,RotoWire projected lineup; MLB probable pitchers,lineup projected / unconfirmed,H:2026/2025 P:2026,,,Direct BvP not yet weighted; 2026/2025 Statcast baseline active,7,3,17,1,"Last 7 games: 3/17, 1 HR","platoon edge; pitcher baseline 8.5% barrel, 1.0 HR allowed",neutral batted-ball profile; pitcher allows elevated contact,,
800325,Luis Lara,MIL,NYM,2026-07-21T23:40:00Z,Scheduled,6,Zac Thornton,804267,L,S,5.6,0.045,87.3,96.2321,0.389,0.096,0.368,70.6,15.4,33.3,16.7,33.3,0.0,8.5,38.3,90.0,0.406,0.163,38.3,1.0,1.0,1.0,American Family Field,100,82,16,209 deg,Open-Meteo forecast; MLB fallback,https://forecast.weather.gov/MapClick.php?lat=43.0280&lon=-87.9712,63,2,No,No,6,Yes,Yes,RotoWire projected lineup; MLB probable pitchers,lineup projected / unconfirmed,H:2026 P:2026,,,Direct BvP not yet weighted; 2026/2025 Statcast baseline active,7,5,18,0,"Last 7 games: 5/18, 0 HR","switch hitter; pitcher baseline 8.5% barrel, 1.0 HR allowed",neutral batted-ball profile; pitcher allows elevated contact,,
669003,Garrett Mitchell,MIL,NYM,2026-07-21T23:40:00Z,Scheduled,7,Zac Thornton,804267,L,L,11.67,0.1538,92.01,103.5724,0.425,0.1715,0.3342,77.01,76.18,33.58,19.16,47.45,5.6,8.5,38.3,90.0,0.406,0.163,38.3,1.0,1.0,1.0,American Family Field,100,82,16,209 deg,Open-Meteo forecast; MLB fallback,https://forecast.weather.gov/MapClick.php?lat=43.0280&lon=-87.9712,63,2,No,No,7,Yes,Yes,RotoWire projected lineup; MLB probable pitchers,lineup projected / unconfirmed,H:2026/2025 P:2026,,,Direct BvP not yet weighted; 2026/2025 Statcast baseline active,7,10,27,0,Contact streak: 10/27 over last 7 games,"same-side matchup; pitcher baseline 8.5% barrel, 1.0 HR allowed",EV profile; pitcher allows elevated contact,,
806198,Cooper Pratt,MIL,NYM,2026-07-21T23:40:00Z,Scheduled,8,Zac Thornton,804267,L,R,4.3,0.093,88.1,97.4785,0.401,0.102,0.354,70.4,9.6,35.2,19.7,31.0,1.0,8.5,38.3,90.0,0.406,0.163,38.3,1.0,1.0,1.0,American Family Field,100,82,16,209 deg,Open-Meteo forecast; MLB fallback,https://forecast.weather.gov/MapClick.php?lat=43.0280&lon=-87.9712,63,2,No,No,8,Yes,Yes,RotoWire projected lineup; MLB probable pitchers,lineup projected / unconfirmed,H:2026 P:2026,,,Direct BvP not yet weighted; 2026/2025 Statcast baseline active,7,8,23,1,Contact streak: 8/23 over last 7 games,"platoon edge; pitcher baseline 8.5% barrel, 1.0 HR allowed",neutral batted-ball profile; pitcher allows elevated contact,,
687401,Joey Ortiz,MIL,NYM,2026-07-21T23:40:00Z,Scheduled,9,Zac Thornton,804267,L,R,3.91,0.0975,87.0,98.6849,0.3389,0.0967,0.2925,72.75,27.62,29.95,21.43,33.92,5.6,8.5,38.3,90.0,0.406,0.163,38.3,1.0,1.0,1.0,American Family Field,100,82,16,209 deg,Open-Meteo forecast; MLB fallback,https://forecast.weather.gov/MapClick.php?lat=43.0280&lon=-87.9712,63,2,No,No,9,Yes,Yes,RotoWire projected lineup; MLB probable pitchers,lineup projected / unconfirmed,H:2026/2025 P:2026,,,Direct BvP not yet weighted; 2026/2025 Statcast baseline active,7,6,23,2,Hot streak: 2 HR in last 7 games,"platoon edge; pitcher baseline 8.5% barrel, 1.0 HR allowed",neutral batted-ball profile; pitcher allows elevated contact,,
650402,Gleyber Torres,DET,CHC,2026-07-22T00:05:00Z,Scheduled,1,David Peterson,656849,L,R,7.92,0.1184,86.57,97.6249,0.4158,0.1524,0.3532,68.52,5.43,21.37,27.8,33.61,7.6,6.61,43.9,90.46,0.4245,0.1454,19.22,9.6,9.6,9.6,Wrigley Field,104,79,13,212 deg,Open-Meteo forecast; MLB fallback,https://forecast.weather.gov/MapClick.php?lat=41.9484&lon=-87.6553,64,0,No,No,1,Yes,Yes,RotoWire projected lineup; MLB probable pitchers,lineup projected / unconfirmed,H:2026/2025 P:2026/2025,,,Direct BvP not yet weighted; 2026/2025 Statcast baseline active,7,9,23,1,Contact streak: 9/23 over last 7 games,"platoon edge; pitcher baseline 6.6% barrel, 9.6 HR allowed",neutral batted-ball profile; pitcher fly-ball pressure modest,,
805808,Kevin McGonigle,DET,CHC,2026-07-22T00:05:00Z,Scheduled,2,David Peterson,656849,L,L,7.8,0.145,87.9,98.4691,0.442,0.175,0.362,71.3,17.1,38.1,35.5,37.3,9.0,6.61,43.9,90.46,0.4245,0.1454,19.22,9.6,9.6,9.6,Wrigley Field,104,79,13,212 deg,Open-Meteo forecast; MLB fallback,https://forecast.weather.gov/MapClick.php?lat=41.9484&lon=-87.6553,64,0,No,No,2,Yes,Yes,RotoWire projected lineup; MLB probable pitchers,lineup projected / unconfirmed,H:2026 P:2026/2025,,,Direct BvP not yet weighted; 2026/2025 Statcast baseline active,7,6,28,2,Hot streak: 2 HR in last 7 games,"same-side matchup; pitcher baseline 6.6% barrel, 9.6 HR allowed",fly-ball profile; pitcher fly-ball pressure modest,,
693307,Dillon Dingler,DET,CHC,2026-07-22T00:05:00Z,Scheduled,3,David Peterson,656849,L,R,10.53,0.2233,89.79,101.1085,0.503,0.2172,0.3664,71.91,16.42,40.59,28.92,46.47,18.6,6.61,43.9,90.46,0.4245,0.1454,19.22,9.6,9.6,9.6,Wrigley Field,104,79,13,212 deg,Open-Meteo forecast; MLB fallback,https://forecast.weather.gov/MapClick.php?lat=41.9484&lon=-87.6553,64,0,No,No,3,Yes,Yes,RotoWire projected lineup; MLB probable pitchers,lineup projected / unconfirmed,H:2026/2025 P:2026/2025,,,Direct BvP not yet weighted; 2026/2025 Statcast baseline active,7,8,23,2,Hot streak: 2 HR in last 7 games,"platoon edge; pitcher baseline 6.6% barrel, 9.6 HR allowed",neutral batted-ball profile; pitcher fly-ball pressure modest,,
682985,Riley Greene,DET,CHC,2026-07-22T00:05:00Z,Scheduled,4,David Peterson,656849,L,L,15.28,0.2014,91.09,102.8959,0.4833,0.2298,0.3551,75.67,58.39,40.1,32.54,48.79,21.3,6.61,43.9,90.46,0.4245,0.1454,19.22,9.6,9.6,9.6,Wrigley Field,104,79,13,212 deg,Open-Meteo forecast; MLB fallback,https://forecast.weather.gov/MapClick.php?lat=41.9484&lon=-87.6553,64,0,No,No,4,Yes,Yes,RotoWire projected lineup; MLB probable pitchers,lineup projected / unconfirmed,H:2026/2025 P:2026/2025,,,Direct BvP not yet weighted; 2026/2025 Statcast baseline active,7,6,22,2,Hot streak: 2 HR in last 7 games,"same-side matchup; pitcher baseline 6.6% barrel, 9.6 HR allowed",neutral batted-ball profile; pitcher fly-ball pressure modest,,
679529,Spencer Torkelson,DET,CHC,2026-07-22T00:05:00Z,Scheduled,5,David Peterson,656849,L,R,14.27,0.2139,89.92,100.4546,0.428,0.2097,0.3228,73.07,25.63,47.21,36.46,43.63,21.9,6.61,43.9,90.46,0.4245,0.1454,19.22,9.6,9.6,9.6,Wrigley Field,104,79,13,212 deg,Open-Meteo forecast; MLB fallback,https://forecast.weather.gov/MapClick.php?lat=41.9484&lon=-87.6553,64,0,No,No,5,Yes,Yes,RotoWire projected lineup; MLB probable pitchers,lineup projected / unconfirmed,H:2026/2025 P:2026/2025,,,Direct BvP not yet weighted; 2026/2025 Statcast baseline active,7,4,28,3,Hot streak: 3 HR in last 7 games,"platoon edge; pitcher baseline 6.6% barrel, 9.6 HR allowed",fly-ball profile; pitcher fly-ball pressure modest,,
663837,Matt Vierling,DET,CHC,2026-07-22T00:05:00Z,Scheduled,6,David Peterson,656849,L,R,7.34,0.1072,88.98,99.2303,0.3975,0.1447,0.3135,71.07,8.48,30.85,31.9,39.2,3.8,6.61,43.9,90.46,0.4245,0.1454,19.22,9.6,9.6,9.6,Wrigley Field,104,79,13,212 deg,Open-Meteo forecast; MLB fallback,https://forecast.weather.gov/MapClick.php?lat=41.9484&lon=-87.6553,64,0,No,No,6,Yes,Yes,RotoWire projected lineup; MLB probable pitchers,lineup projected / unconfirmed,H:2026/2025 P:2026/2025,,,Direct BvP not yet weighted; 2026/2025 Statcast baseline active,7,5,18,0,"Last 7 games: 5/18, 0 HR","platoon edge; pitcher baseline 6.6% barrel, 9.6 HR allowed",neutral batted-ball profile; pitcher fly-ball pressure modest,,
668670,Jake Rogers,DET,CHC,2026-07-22T00:05:00Z,Scheduled,7,David Peterson,656849,L,R,8.57,0.1488,88.66,98.3672,0.3084,0.1354,0.2635,70.64,5.14,44.01,37.54,38.87,3.0,6.61,43.9,90.46,0.4245,0.1454,19.22,9.6,9.6,9.6,Wrigley Field,104,79,13,212 deg,Open-Meteo forecast; MLB fallback,https://forecast.weather.gov/MapClick.php?lat=41.9484&lon=-87.6553,64,0,No,No,7,Yes,Yes,RotoWire projected lineup; MLB probable pitchers,lineup projected / unconfirmed,H:2026/2025 P:2026/2025,,,Direct BvP not yet weighted; 2026/2025 Statcast baseline active,7,4,16,2,Hot streak: 2 HR in last 7 games,"platoon edge; pitcher baseline 6.6% barrel, 9.6 HR allowed",fly-ball profile; pitcher fly-ball pressure modest,,
701162,Ben Malgeri,DET,CHC,2026-07-22T00:05:00Z,Scheduled,8,David Peterson,656849,L,R,0.0,0.077,88.9,97.3804,0.256,0.052,0.268,69.7,8.2,31.6,21.1,31.6,0.0,6.61,43.9,90.46,0.4245,0.1454,19.22,9.6,9.6,9.6,Wrigley Field,104,79,13,212 deg,Open-Meteo forecast; MLB fallback,https://forecast.weather.gov/MapClick.php?lat=41.9484&lon=-87.6553,64,0,No,No,8,Yes,Yes,RotoWire projected lineup; MLB probable pitchers,lineup projected / unconfirmed,H:2026 P:2026/2025,,,Direct BvP not yet weighted; 2026/2025 Statcast baseline active,7,3,11,0,"Last 7 games: 3/11, 0 HR","platoon edge; pitcher baseline 6.6% barrel, 9.6 HR allowed",neutral batted-ball profile; pitcher fly-ball pressure modest,,
656716,Zach McKinstry,DET,CHC,2026-07-22T00:05:00Z,Scheduled,9,David Peterson,656849,L,L,3.65,0.1237,85.07,95.4688,0.3188,0.0893,0.2819,68.41,4.56,40.4,26.95,23.57,6.4,6.61,43.9,90.46,0.4245,0.1454,19.22,9.6,9.6,9.6,Wrigley Field,104,79,13,212 deg,Open-Meteo forecast; MLB fallback,https://forecast.weather.gov/MapClick.php?lat=41.9484&lon=-87.6553,64,0,No,No,9,Yes,Yes,RotoWire projected lineup; MLB probable pitchers,lineup projected / unconfirmed,H:2026/2025 P:2026/2025,,,Direct BvP not yet weighted; 2026/2025 Statcast baseline active,7,2,22,0,"Last 7 games: 2/22, 0 HR","same-side matchup; pitcher baseline 6.6% barrel, 9.6 HR allowed",neutral batted-ball profile; pitcher fly-ball pressure modest,,
691718,Pete Crow-Armstrong,CHC,DET,2026-07-22T00:05:00Z,Scheduled,1,Framber Valdez,664285,L,L,11.35,0.2326,89.92,101.6518,0.4659,0.2155,0.3455,74.1,43.69,49.25,34.1,46.01,24.0,6.63,42.87,89.96,0.3868,0.1402,20.35,12.2,12.2,12.2,Wrigley Field,104,79,13,212 deg,Open-Meteo forecast; MLB fallback,https://forecast.weather.gov/MapClick.php?lat=41.9484&lon=-87.6553,64,0,No,No,1,Yes,Yes,RotoWire projected lineup; MLB probable pitchers,lineup projected / unconfirmed,H:2026/2025 P:2026/2025,,,Direct BvP not yet weighted; 2026/2025 Statcast baseline active,7,2,26,0,"Last 7 games: 2/26, 0 HR","same-side matchup; pitcher baseline 6.6% barrel, 12.2 HR allowed",neutral batted-ball profile; pitcher fly-ball pressure modest,,
673548,Seiya Suzuki,CHC,DET,2026-07-22T00:05:00Z,Scheduled,2,Framber Valdez,664285,L,R,11.77,0.212,89.9,101.5121,0.4503,0.1963,0.3415,73.33,36.29,43.23,30.22,43.73,20.8,6.63,42.87,89.96,0.3868,0.1402,20.35,12.2,12.2,12.2,Wrigley Field,104,79,13,212 deg,Open-Meteo forecast; MLB fallback,https://forecast.weather.gov/MapClick.php?lat=41.9484&lon=-87.6553,64,0,No,No,2,Yes,Yes,RotoWire projected lineup; MLB probable pitchers,lineup projected / unconfirmed,H:2026/2025 P:2026/2025,,,Direct BvP not yet weighted; 2026/2025 Statcast baseline active,7,9,26,1,Contact streak: 9/26 over last 7 games,"platoon edge; pitcher baseline 6.6% barrel, 12.2 HR allowed",neutral batted-ball profile; pitcher fly-ball pressure modest,,
608324,Alex Bregman,CHC,DET,2026-07-22T00:05:00Z,Scheduled,3,Framber Valdez,664285,L,R,5.06,0.1421,88.7,98.2641,0.3759,0.1348,0.3167,70.16,5.01,47.0,25.55,39.01,12.4,6.63,42.87,89.96,0.3868,0.1402,20.35,12.2,12.2,12.2,Wrigley Field,104,79,13,212 deg,Open-Meteo forecast; MLB fallback,https://forecast.weather.gov/MapClick.php?lat=41.9484&lon=-87.6553,64,0,No,No,3,Yes,Yes,RotoWire projected lineup; MLB probable pitchers,lineup projected / unconfirmed,H:2026/2025 P:2026/2025,,,Direct BvP not yet weighted; 2026/2025 Statcast baseline active,7,8,29,3,Hot streak: 3 HR in last 7 games,"platoon edge; pitcher baseline 6.6% barrel, 12.2 HR allowed",neutral batted-ball profile; pitcher fly-ball pressure modest,,
608348,Carson Kelly,CHC,DET,2026-07-22T00:05:00Z,Scheduled,4,Framber Valdez,664285,L,R,7.43,0.1391,88.31,99.1259,0.4012,0.1575,0.3259,70.89,8.96,38.66,24.8,38.55,9.3,6.63,42.87,89.96,0.3868,0.1402,20.35,12.2,12.2,12.2,Wrigley Field,104,79,13,212 deg,Open-Meteo forecast; MLB fallback,https://forecast.weather.gov/MapClick.php?lat=41.9484&lon=-87.6553,64,0,No,No,4,Yes,Yes,RotoWire projected lineup; MLB probable pitchers,lineup projected / unconfirmed,H:2026/2025 P:2026/2025,,,Direct BvP not yet weighted; 2026/2025 Statcast baseline active,7,3,23,1,"Last 7 games: 3/23, 1 HR","platoon edge; pitcher baseline 6.6% barrel, 12.2 HR allowed",neutral batted-ball profile; pitcher fly-ball pressure modest,,
683737,Michael Busch,CHC,DET,2026-07-22T00:05:00Z,Scheduled,5,Framber Valdez,664285,L,L,12.2,0.1934,89.47,99.708,0.4528,0.2118,0.3542,68.69,5.18,39.23,35.74,42.47,19.3,6.63,42.87,89.96,0.3868,0.1402,20.35,12.2,12.2,12.2,Wrigley Field,104,79,13,212 deg,Open-Meteo forecast; MLB fallback,https://forecast.weather.gov/MapClick.php?lat=41.9484&lon=-87.6553,64,0,No,No,5,Yes,Yes,RotoWire projected lineup; MLB probable pitchers,lineup projected / unconfirmed,H:2026/2025 P:2026/2025,,,Direct BvP not yet weighted; 2026/2025 Statcast baseline active,7,11,29,2,Hot streak: 2 HR in last 7 games,"same-side matchup; pitcher baseline 6.6% barrel, 12.2 HR allowed",fly-ball profile; pitcher fly-ball pressure modest,,
663538,Nico Hoerner,CHC,DET,2026-07-22T00:05:00Z,Scheduled,6,Framber Valdez,664285,L,R,1.28,0.0956,86.28,96.2642,0.3721,0.0822,0.3206,68.36,1.76,33.15,21.84,28.41,4.9,6.63,42.87,89.96,0.3868,0.1402,20.35,12.2,12.2,12.2,Wrigley Field,104,79,13,212 deg,Open-Meteo forecast; MLB fallback,https://forecast.weather.gov/MapClick.php?lat=41.9484&lon=-87.6553,64,0,No,No,6,Yes,Yes,RotoWire projected lineup; MLB probable pitchers,lineup projected / unconfirmed,H:2026/2025 P:2026/2025,,,Direct BvP not yet weighted; 2026/2025 Statcast baseline active,7,10,29,0,Contact streak: 10/29 over last 7 games,"platoon edge; pitcher baseline 6.6% barrel, 12.2 HR allowed",neutral batted-ball profile; pitcher fly-ball pressure modest,,
664023,Ian Happ,CHC,DET,2026-07-22T00:05:00Z,Scheduled,7,Framber Valdez,664285,L,S,11.73,0.2008,89.79,101.1749,0.4283,0.2063,0.3316,71.98,19.3,43.42,34.0,43.7,19.5,6.63,42.87,89.96,0.3868,0.1402,20.35,12.2,12.2,12.2,Wrigley Field,104,79,13,212 deg,Open-Meteo forecast; MLB fallback,https://forecast.weather.gov/MapClick.php?lat=41.9484&lon=-87.6553,64,0,No,No,7,Yes,Yes,RotoWire projected lineup; MLB probable pitchers,lineup projected / unconfirmed,H:2026/2025 P:2026/2025,,,Direct BvP not yet weighted; 2026/2025 Statcast baseline active,7,4,22,1,"Last 7 games: 4/22, 1 HR","switch hitter; pitcher baseline 6.6% barrel, 12.2 HR allowed",neutral batted-ball profile; pitcher fly-ball pressure modest,,
621020,Dansby Swanson,CHC,DET,2026-07-22T00:05:00Z,Scheduled,8,Framber Valdez,664285,L,R,8.62,0.1933,89.94,100.1587,0.414,0.182,0.3142,71.32,8.57,46.71,30.87,44.09,18.4,6.63,42.87,89.96,0.3868,0.1402,20.35,12.2,12.2,12.2,Wrigley Field,104,79,13,212 deg,Open-Meteo forecast; MLB fallback,https://forecast.weather.gov/MapClick.php?lat=41.9484&lon=-87.6553,64,0,No,No,8,Yes,Yes,RotoWire projected lineup; MLB probable pitchers,lineup projected / unconfirmed,H:2026/2025 P:2026/2025,,,Direct BvP not yet weighted; 2026/2025 Statcast baseline active,7,5,26,0,"Last 7 games: 5/26, 0 HR","platoon edge; pitcher baseline 6.6% barrel, 12.2 HR allowed",neutral batted-ball profile; pitcher fly-ball pressure modest,,
665804,Miguel Amaya,CHC,DET,2026-07-22T00:05:00Z,Scheduled,9,Framber Valdez,664285,L,R,6.18,0.1518,86.54,97.5302,0.3391,0.1224,0.2971,70.73,13.24,40.59,31.88,33.67,3.3,6.63,42.87,89.96,0.3868,0.1402,20.35,12.2,12.2,12.2,Wrigley Field,104,79,13,212 deg,Open-Meteo forecast; MLB fallback,https://forecast.weather.gov/MapClick.php?lat=41.9484&lon=-87.6553,64,0,No,No,9,Yes,Yes,RotoWire projected lineup; MLB probable pitchers,lineup projected / unconfirmed,H:2026/2025 P:2026/2025,,,Direct BvP not yet weighted; 2026/2025 Statcast baseline active,7,7,24,0,"Last 7 games: 7/24, 0 HR","platoon edge; pitcher baseline 6.6% barrel, 12.2 HR allowed",neutral batted-ball profile; pitcher fly-ball pressure modest,,
803011,Sam Antonacci,CWS,TEX,2026-07-22T00:05:00Z,Scheduled,1,Kumar Rocker,677958,R,L,6.5,0.134,87.4,98.271,0.43,0.138,0.361,70.1,8.8,32.3,22.4,36.4,7.0,8.93,44.49,89.94,0.4486,0.1794,22.3,11.7,11.7,11.7,Globe Life Field,100,97,7,182 deg,Open-Meteo forecast; MLB fallback,https://forecast.weather.gov/MapClick.php?lat=32.7473&lon=-97.0842,39,0,No,No,1,Yes,Yes,RotoWire projected lineup; MLB probable pitchers,lineup projected / unconfirmed,H:2026 P:2026/2025,,,Direct BvP not yet weighted; 2026/2025 Statcast baseline active,7,6,28,2,Hot streak: 2 HR in last 7 games,"platoon edge; pitcher baseline 8.9% barrel, 11.7 HR allowed",neutral batted-ball profile; pitcher fly-ball pressure modest,,
808959,Munetaka Murakami,CWS,TEX,2026-07-22T00:05:00Z,Scheduled,2,Kumar Rocker,677958,R,L,19.5,0.299,93.9,104.8214,0.497,0.286,0.365,75.3,56.0,44.4,40.6,58.6,20.0,8.93,44.49,89.94,0.4486,0.1794,22.3,11.7,11.7,11.7,Globe Life Field,100,97,7,182 deg,Open-Meteo forecast; MLB fallback,https://forecast.weather.gov/MapClick.php?lat=32.7473&lon=-97.0842,39,0,No,No,2,Yes,Yes,RotoWire projected lineup; MLB probable pitchers,lineup projected / unconfirmed,H:2026 P:2026/2025,,,Direct BvP not yet weighted; 2026/2025 Statcast baseline active,7,4,24,0,"Last 7 games: 4/24, 0 HR","platoon edge; pitcher baseline 8.9% barrel, 11.7 HR allowed",lift-pull EV profile; pitcher fly-ball pressure modest,,
678246,Miguel Vargas,CWS,TEX,2026-07-22T00:05:00Z,Scheduled,3,Kumar Rocker,677958,R,R,13.39,0.2216,90.33,100.5877,0.5001,0.2368,0.375,73.05,34.8,43.44,36.08,44.98,19.5,8.93,44.49,89.94,0.4486,0.1794,22.3,11.7,11.7,11.7,Globe Life Field,100,97,7,182 deg,Open-Meteo forecast; MLB fallback,https://forecast.weather.gov/MapClick.php?lat=32.7473&lon=-97.0842,39,0,No,No,3,Yes,Yes,RotoWire projected lineup; MLB probable pitchers,lineup projected / unconfirmed,H:2026/2025 P:2026/2025,,,Direct BvP not yet weighted; 2026/2025 Statcast baseline active,7,10,29,1,Contact streak: 10/29 over last 7 games,"same-side matchup; pitcher baseline 8.9% barrel, 11.7 HR allowed",fly-ball profile; pitcher fly-ball pressure modest,,
695657,Colson Montgomery,CWS,TEX,2026-07-22T00:05:00Z,Scheduled,4,Kumar Rocker,677958,R,L,13.94,0.262,89.26,102.1096,0.4632,0.2381,0.3298,76.51,68.06,49.44,35.26,44.29,23.1,8.93,44.49,89.94,0.4486,0.1794,22.3,11.7,11.7,11.7,Globe Life Field,100,97,7,182 deg,Open-Meteo forecast; MLB fallback,https://forecast.weather.gov/MapClick.php?lat=32.7473&lon=-97.0842,39,0,No,No,4,Yes,Yes,RotoWire projected lineup; MLB probable pitchers,lineup projected / unconfirmed,H:2026/2025 P:2026/2025,,,Direct BvP not yet weighted; 2026/2025 Statcast baseline active,7,6,27,1,"Last 7 games: 6/27, 1 HR","platoon edge; pitcher baseline 8.9% barrel, 11.7 HR allowed",fly-ball profile; pitcher fly-ball pressure modest,,
643217,Andrew Benintendi,CWS,TEX,2026-07-22T00:05:00Z,Scheduled,5,Kumar Rocker,677958,R,L,9.91,0.1875,88.84,98.9092,0.4314,0.1816,0.3242,69.54,4.43,51.99,31.43,44.32,13.0,8.93,44.49,89.94,0.4486,0.1794,22.3,11.7,11.7,11.7,Globe Life Field,100,97,7,182 deg,Open-Meteo forecast; MLB fallback,https://forecast.weather.gov/MapClick.php?lat=32.7473&lon=-97.0842,39,0,No,No,5,Yes,Yes,RotoWire projected lineup; MLB probable pitchers,lineup projected / unconfirmed,H:2026/2025 P:2026/2025,,,Direct BvP not yet weighted; 2026/2025 Statcast baseline active,7,6,19,0,"Last 7 games: 6/19, 0 HR","platoon edge; pitcher baseline 8.9% barrel, 11.7 HR allowed",neutral batted-ball profile; pitcher fly-ball pressure modest,,
695731,Braden Montgomery,CWS,TEX,2026-07-22T00:05:00Z,Scheduled,6,Kumar Rocker,677958,R,S,4.2,0.175,90.1,100.4648,0.385,0.13,0.312,69.9,9.7,32.6,20.0,42.1,3.0,8.93,44.49,89.94,0.4486,0.1794,22.3,11.7,11.7,11.7,Globe Life Field,100,97,7,182 deg,Open-Meteo forecast; MLB fallback,https://forecast.weather.gov/MapClick.php?lat=32.7473&lon=-97.0842,39,0,No,No,6,Yes,Yes,RotoWire projected lineup; MLB probable pitchers,lineup projected / unconfirmed,H:2026 P:2026/2025,,,Direct BvP not yet weighted; 2026/2025 Statcast baseline active,7,8,27,1,"Last 7 games: 8/27, 1 HR","switch hitter; pitcher baseline 8.9% barrel, 11.7 HR allowed",neutral batted-ball profile; pitcher fly-ball pressure modest,,
671976,Tristan Peters,CWS,TEX,2026-07-22T00:05:00Z,Scheduled,7,Kumar Rocker,677958,R,L,3.57,0.119,87.22,97.9215,0.3229,0.0987,0.2579,69.35,5.04,42.47,18.41,34.05,4.2,8.93,44.49,89.94,0.4486,0.1794,22.3,11.7,11.7,11.7,Globe Life Field,100,97,7,182 deg,Open-Meteo forecast; MLB fallback,https://forecast.weather.gov/MapClick.php?lat=32.7473&lon=-97.0842,39,0,No,No,7,Yes,Yes,RotoWire projected lineup; MLB probable pitchers,lineup projected / unconfirmed,H:2026/2025 P:2026/2025,,,Direct BvP not yet weighted; 2026/2025 Statcast baseline active,7,7,24,1,"Last 7 games: 7/24, 1 HR","platoon edge; pitcher baseline 8.9% barrel, 11.7 HR allowed",neutral batted-ball profile; pitcher fly-ball pressure modest,,
691011,Drew Romo,CWS,TEX,2026-07-22T00:05:00Z,Scheduled,8,Kumar Rocker,677958,R,S,7.4,0.1253,84.0,95.6315,0.2023,0.0805,0.1736,68.42,3.5,39.5,33.3,27.2,3.5,8.93,44.49,89.94,0.4486,0.1794,22.3,11.7,11.7,11.7,Globe Life Field,100,97,7,182 deg,Open-Meteo forecast; MLB fallback,https://forecast.weather.gov/MapClick.php?lat=32.7473&lon=-97.0842,39,0,No,No,8,Yes,Yes,RotoWire projected lineup; MLB probable pitchers,lineup projected / unconfirmed,H:2026/2025 P:2026/2025,,,Direct BvP not yet weighted; 2026/2025 Statcast baseline active,7,2,19,0,"Last 7 games: 2/19, 0 HR","switch hitter; pitcher baseline 8.9% barrel, 11.7 HR allowed",neutral batted-ball profile; pitcher fly-ball pressure modest,,
805367,Chase Meidroth,CWS,TEX,2026-07-22T00:05:00Z,Scheduled,9,Kumar Rocker,677958,R,R,3.42,0.095,87.99,97.4384,0.3253,0.087,0.2902,67.12,1.18,37.7,19.42,35.12,6.4,8.93,44.49,89.94,0.4486,0.1794,22.3,11.7,11.7,11.7,Globe Life Field,100,97,7,182 deg,Open-Meteo forecast; MLB fallback,https://forecast.weather.gov/MapClick.php?lat=32.7473&lon=-97.0842,39,0,No,No,9,Yes,Yes,RotoWire projected lineup; MLB probable pitchers,lineup projected / unconfirmed,H:2026/2025 P:2026/2025,,,Direct BvP not yet weighted; 2026/2025 Statcast baseline active,7,9,24,0,Contact streak: 9/24 over last 7 games,"same-side matchup; pitcher baseline 8.9% barrel, 11.7 HR allowed",neutral batted-ball profile; pitcher fly-ball pressure modest,,
679822,Justin Foscue,TEX,CWS,2026-07-22T00:05:00Z,Scheduled,1,Noah Schultz,702273,L,R,8.54,0.2083,90.48,99.653,0.4162,0.188,0.301,70.82,8.54,43.14,35.51,49.9,4.9,11.5,39.6,89.1,0.468,0.206,27.5,8.0,8.0,8.0,Globe Life Field,100,97,7,182 deg,Open-Meteo forecast; MLB fallback,https://forecast.weather.gov/MapClick.php?lat=32.7473&lon=-97.0842,39,0,No,No,1,Yes,Yes,RotoWire projected lineup; MLB probable pitchers,lineup projected / unconfirmed,H:2026/2025 P:2026,,,Direct BvP not yet weighted; 2026/2025 Statcast baseline active,7,2,12,0,"Last 7 games: 2/12, 0 HR","platoon edge; pitcher baseline 11.5% barrel, 8.0 HR allowed",fly-ball profile; pitcher fly-ball pressure modest,,
694671,Wyatt Langford,TEX,CWS,2026-07-22T00:05:00Z,Scheduled,2,Noah Schultz,702273,L,R,9.8,0.2117,89.58,100.8165,0.4361,0.189,0.325,72.82,26.69,39.53,28.78,40.21,13.6,11.5,39.6,89.1,0.468,0.206,27.5,8.0,8.0,8.0,Globe Life Field,100,97,7,182 deg,Open-Meteo forecast; MLB fallback,https://forecast.weather.gov/MapClick.php?lat=32.7473&lon=-97.0842,39,0,No,No,2,Yes,Yes,RotoWire projected lineup; MLB probable pitchers,lineup projected / unconfirmed,H:2026/2025 P:2026,,,Direct BvP not yet weighted; 2026/2025 Statcast baseline active,7,9,28,2,Hot streak: 2 HR in last 7 games,"platoon edge; pitcher baseline 11.5% barrel, 8.0 HR allowed",neutral batted-ball profile; pitcher fly-ball pressure modest,,
607043,Brandon Nimmo,TEX,CWS,2026-07-22T00:05:00Z,Scheduled,3,Noah Schultz,702273,L,L,11.53,0.1628,92.39,102.4264,0.4813,0.2048,0.3567,72.44,27.9,31.63,26.61,51.81,13.8,11.5,39.6,89.1,0.468,0.206,27.5,8.0,8.0,8.0,Globe Life Field,100,97,7,182 deg,Open-Meteo forecast; MLB fallback,https://forecast.weather.gov/MapClick.php?lat=32.7473&lon=-97.0842,39,0,No,No,3,Yes,Yes,RotoWire projected lineup; MLB probable pitchers,lineup projected / unconfirmed,H:2026/2025 P:2026,,,Direct BvP not yet weighted; 2026/2025 Statcast baseline active,7,8,27,0,"Last 7 games: 8/27, 0 HR","same-side matchup; pitcher baseline 11.5% barrel, 8.0 HR allowed",EV profile; pitcher fly-ball pressure modest,,
673962,Josh Jung,TEX,CWS,2026-07-22T00:05:00Z,Scheduled,4,Noah Schultz,702273,L,R,6.9,0.1446,90.21,100.4028,0.4259,0.1529,0.3334,70.44,7.93,37.9,23.01,47.75,10.5,11.5,39.6,89.1,0.468,0.206,27.5,8.0,8.0,8.0,Globe Life Field,100,97,7,182 deg,Open-Meteo forecast; MLB fallback,https://forecast.weather.gov/MapClick.php?lat=32.7473&lon=-97.0842,39,0,No,No,4,Yes,Yes,RotoWire projected lineup; MLB probable pitchers,lineup projected / unconfirmed,H:2026/2025 P:2026,,,Direct BvP not yet weighted; 2026/2025 Statcast baseline active,7,6,25,0,"Last 7 games: 6/25, 0 HR","platoon edge; pitcher baseline 11.5% barrel, 8.0 HR allowed",neutral batted-ball profile; pitcher fly-ball pressure modest,,
669394,Jake Burger,TEX,CWS,2026-07-22T00:05:00Z,Scheduled,5,Noah Schultz,702273,L,R,11.66,0.1837,90.12,102.7149,0.4283,0.1886,0.3128,75.16,55.88,43.35,27.55,47.24,16.7,11.5,39.6,89.1,0.468,0.206,27.5,8.0,8.0,8.0,Globe Life Field,100,97,7,182 deg,Open-Meteo forecast; MLB fallback,https://forecast.weather.gov/MapClick.php?lat=32.7473&lon=-97.0842,39,0,No,No,5,Yes,Yes,RotoWire projected lineup; MLB probable pitchers,lineup projected / unconfirmed,H:2026/2025 P:2026,,,Direct BvP not yet weighted; 2026/2025 Statcast baseline active,7,5,27,2,Hot streak: 2 HR in last 7 games,"platoon edge; pitcher baseline 11.5% barrel, 8.0 HR allowed",neutral batted-ball profile; pitcher fly-ball pressure modest,,
677649,Ezequiel Duran,TEX,CWS,2026-07-22T00:05:00Z,Scheduled,6,Noah Schultz,702273,L,R,5.33,0.1362,87.47,98.8,0.3489,0.109,0.2869,72.27,23.99,34.19,20.46,34.89,7.0,11.5,39.6,89.1,0.468,0.206,27.5,8.0,8.0,8.0,Globe Life Field,100,97,7,182 deg,Open-Meteo forecast; MLB fallback,https://forecast.weather.gov/MapClick.php?lat=32.7473&lon=-97.0842,39,0,No,No,6,Yes,Yes,RotoWire projected lineup; MLB probable pitchers,lineup projected / unconfirmed,H:2026/2025 P:2026,,,Direct BvP not yet weighted; 2026/2025 Statcast baseline active,7,5,22,2,Hot streak: 2 HR in last 7 games,"platoon edge; pitcher baseline 11.5% barrel, 8.0 HR allowed",neutral batted-ball profile; pitcher fly-ball pressure modest,,
695508,Cam Cauley,TEX,CWS,2026-07-22T00:05:00Z,Scheduled,7,Noah Schultz,702273,L,R,0.0,0.154,83.5,92.6442,0.258,0.049,0.255,70.0,20.5,28.6,14.3,14.3,0.0,11.5,39.6,89.1,0.468,0.206,27.5,8.0,8.0,8.0,Globe Life Field,100,97,7,182 deg,Open-Meteo forecast; MLB fallback,https://forecast.weather.gov/MapClick.php?lat=32.7473&lon=-97.0842,39,0,No,No,7,Yes,Yes,RotoWire projected lineup; MLB probable pitchers,lineup projected / unconfirmed,H:2026 P:2026,,,Direct BvP not yet weighted; 2026/2025 Statcast baseline active,7,4,10,0,Contact streak: 4/10 over last 7 games,"platoon edge; pitcher baseline 11.5% barrel, 8.0 HR allowed",neutral batted-ball profile; pitcher fly-ball pressure modest,,
553869,Elias Diaz,TEX,CWS,2026-07-22T00:05:00Z,Scheduled,8,Noah Schultz,702273,L,R,6.69,0.1694,87.0,100.0026,0.3771,0.1331,0.2831,74.34,45.01,41.71,26.26,37.3,5.5,11.5,39.6,89.1,0.468,0.206,27.5,8.0,8.0,8.0,Globe Life Field,100,97,7,182 deg,Open-Meteo forecast; MLB fallback,https://forecast.weather.gov/MapClick.php?lat=32.7473&lon=-97.0842,39,0,No,No,8,Yes,Yes,RotoWire projected lineup; MLB probable pitchers,lineup projected / unconfirmed,H:2026/2025 P:2026,,,Direct BvP not yet weighted; 2026/2025 Statcast baseline active,7,2,16,0,"Last 7 games: 2/16, 0 HR","platoon edge; pitcher baseline 11.5% barrel, 8.0 HR allowed",neutral batted-ball profile; pitcher fly-ball pressure modest,,
670032,Nicky Lopez,TEX,CWS,2026-07-22T00:05:00Z,Scheduled,9,Noah Schultz,702273,L,L,0.0,0.0329,85.08,95.474,0.2704,0.0391,0.2561,66.72,0.75,34.99,11.3,27.33,0.7,11.5,39.6,89.1,0.468,0.206,27.5,8.0,8.0,8.0,Globe Life Field,100,97,7,182 deg,Open-Meteo forecast; MLB fallback,https://forecast.weather.gov/MapClick.php?lat=32.7473&lon=-97.0842,39,0,No,No,9,Yes,Yes,RotoWire projected lineup; MLB probable pitchers,lineup projected / unconfirmed,H:2026/2025 P:2026,,,Direct BvP not yet weighted; 2026/2025 Statcast baseline active,7,6,21,0,"Last 7 games: 6/21, 0 HR","same-side matchup; pitcher baseline 11.5% barrel, 8.0 HR allowed",neutral batted-ball profile; pitcher fly-ball pressure modest,,
689414,Liam Hicks,MIA,HOU,2026-07-22T00:10:00Z,Scheduled,1,Tatsuya Imai,837227,R,L,3.74,0.148,85.02,96.5755,0.3521,0.1039,0.3108,68.1,3.72,42.73,24.29,29.38,11.6,10.5,45.9,90.2,0.42,0.185,25.6,9.0,9.0,9.0,Daikin Park,100,94,1,34 deg,Open-Meteo forecast; MLB fallback,https://forecast.weather.gov/MapClick.php?lat=29.7573&lon=-95.3555,47,0,No,No,1,Yes,Yes,RotoWire projected lineup; MLB probable pitchers,lineup projected / unconfirmed,H:2026/2025 P:2026,,,Direct BvP not yet weighted; 2026/2025 Statcast baseline active,7,7,23,1,"Last 7 games: 7/23, 1 HR","platoon edge; pitcher baseline 10.5% barrel, 9.0 HR allowed",neutral batted-ball profile; pitcher fly-ball pressure modest,,
672640,Otto Lopez,MIA,HOU,2026-07-22T00:10:00Z,Scheduled,2,Tatsuya Imai,837227,R,R,7.17,0.1556,89.2,100.5256,0.4424,0.1573,0.3356,71.91,24.17,32.79,22.99,41.52,10.8,10.5,45.9,90.2,0.42,0.185,25.6,9.0,9.0,9.0,Daikin Park,100,94,1,34 deg,Open-Meteo forecast; MLB fallback,https://forecast.weather.gov/MapClick.php?lat=29.7573&lon=-95.3555,47,0,No,No,2,Yes,Yes,RotoWire projected lineup; MLB probable pitchers,lineup projected / unconfirmed,H:2026/2025 P:2026,,,Direct BvP not yet weighted; 2026/2025 Statcast baseline active,7,6,27,0,"Last 7 games: 6/27, 0 HR","same-side matchup; pitcher baseline 10.5% barrel, 9.0 HR allowed",neutral batted-ball profile; pitcher fly-ball pressure modest,,
669364,Xavier Edwards,MIA,HOU,2026-07-22T00:10:00Z,Scheduled,3,Tatsuya Imai,837227,R,S,3.32,0.1029,87.01,96.6081,0.3656,0.0998,0.316,68.02,2.54,29.85,21.63,29.19,5.1,10.5,45.9,90.2,0.42,0.185,25.6,9.0,9.0,9.0,Daikin Park,100,94,1,34 deg,Open-Meteo forecast; MLB fallback,https://forecast.weather.gov/MapClick.php?lat=29.7573&lon=-95.3555,47,0,No,No,3,Yes,Yes,RotoWire projected lineup; MLB probable pitchers,lineup projected / unconfirmed,H:2026/2025 P:2026,,,Direct BvP not yet weighted; 2026/2025 Statcast baseline active,7,6,27,0,"Last 7 games: 6/27, 0 HR","switch hitter; pitcher baseline 10.5% barrel, 9.0 HR allowed",neutral batted-ball profile; pitcher fly-ball pressure modest,,
669065,Kyle Stowers,MIA,HOU,2026-07-22T00:10:00Z,Scheduled,4,Tatsuya Imai,837227,R,L,13.78,0.2203,91.38,103.1276,0.4551,0.2139,0.3386,75.14,52.96,47.46,29.4,53.26,15.9,10.5,45.9,90.2,0.42,0.185,25.6,9.0,9.0,9.0,Daikin Park,100,94,1,34 deg,Open-Meteo forecast; MLB fallback,https://forecast.weather.gov/MapClick.php?lat=29.7573&lon=-95.3555,47,0,No,No,4,Yes,Yes,RotoWire projected lineup; MLB probable pitchers,lineup projected / unconfirmed,H:2026/2025 P:2026,,,Direct BvP not yet weighted; 2026/2025 Statcast baseline active,7,2,24,0,"Last 7 games: 2/24, 0 HR","platoon edge; pitcher baseline 10.5% barrel, 9.0 HR allowed",neutral batted-ball profile; pitcher fly-ball pressure modest,,
681715,Heriberto Hernandez,MIA,HOU,2026-07-22T00:10:00Z,Scheduled,5,Tatsuya Imai,837227,R,R,11.98,0.2112,91.74,101.965,0.4812,0.2264,0.3522,74.45,47.76,44.79,31.88,49.25,12.1,10.5,45.9,90.2,0.42,0.185,25.6,9.0,9.0,9.0,Daikin Park,100,94,1,34 deg,Open-Meteo forecast; MLB fallback,https://forecast.weather.gov/MapClick.php?lat=29.7573&lon=-95.3555,47,0,No,No,5,Yes,Yes,RotoWire projected lineup; MLB probable pitchers,lineup projected / unconfirmed,H:2026/2025 P:2026,,,Direct BvP not yet weighted; 2026/2025 Statcast baseline active,7,7,28,1,"Last 7 games: 7/28, 1 HR","same-side matchup; pitcher baseline 10.5% barrel, 9.0 HR allowed",neutral batted-ball profile; pitcher fly-ball pressure modest,,
665052,Griffin Conine,MIA,HOU,2026-07-22T00:10:00Z,Scheduled,6,Tatsuya Imai,837227,R,L,15.29,0.2413,90.2,104.0961,0.4796,0.2152,0.3552,73.98,43.41,48.48,20.61,51.81,5.5,10.5,45.9,90.2,0.42,0.185,25.6,9.0,9.0,9.0,Daikin Park,100,94,1,34 deg,Open-Meteo forecast; MLB fallback,https://forecast.weather.gov/MapClick.php?lat=29.7573&lon=-95.3555,47,0,No,No,6,Yes,Yes,RotoWire projected lineup; MLB probable pitchers,lineup projected / unconfirmed,H:2026/2025 P:2026,,,Direct BvP not yet weighted; 2026/2025 Statcast baseline active,7,6,19,3,Hot streak: 3 HR in last 7 games,"platoon edge; pitcher baseline 10.5% barrel, 9.0 HR allowed",neutral batted-ball profile; pitcher fly-ball pressure modest,,
805300,Jakob Marsee,MIA,HOU,2026-07-22T00:10:00Z,Scheduled,7,Tatsuya Imai,837227,R,L,4.67,0.123,87.36,98.4659,0.3489,0.1141,0.3134,70.5,6.28,41.3,23.4,35.87,5.0,10.5,45.9,90.2,0.42,0.185,25.6,9.0,9.0,9.0,Daikin Park,100,94,1,34 deg,Open-Meteo forecast; MLB fallback,https://forecast.weather.gov/MapClick.php?lat=29.7573&lon=-95.3555,47,0,No,No,7,Yes,Yes,RotoWire projected lineup; MLB probable pitchers,lineup projected / unconfirmed,H:2026/2025 P:2026,,,Direct BvP not yet weighted; 2026/2025 Statcast baseline active,7,4,21,0,"Last 7 games: 4/21, 0 HR","platoon edge; pitcher baseline 10.5% barrel, 9.0 HR allowed",neutral batted-ball profile; pitcher fly-ball pressure modest,,
691788,Joe Mack,MIA,HOU,2026-07-22T00:10:00Z,Scheduled,8,Tatsuya Imai,837227,R,L,8.9,0.182,88.6,99.8457,0.418,0.181,0.312,74.4,45.1,48.0,26.8,37.4,8.0,10.5,45.9,90.2,0.42,0.185,25.6,9.0,9.0,9.0,Daikin Park,100,94,1,34 deg,Open-Meteo forecast; MLB fallback,https://forecast.weather.gov/MapClick.php?lat=29.7573&lon=-95.3555,47,0,No,No,8,Yes,Yes,RotoWire projected lineup; MLB probable pitchers,lineup projected / unconfirmed,H:2026 P:2026,,,Direct BvP not yet weighted; 2026/2025 Statcast baseline active,7,4,17,1,"Last 7 games: 4/17, 1 HR","platoon edge; pitcher baseline 10.5% barrel, 9.0 HR allowed",neutral batted-ball profile; pitcher fly-ball pressure modest,,
691594,Javier Sanoja,MIA,HOU,2026-07-22T00:10:00Z,Scheduled,9,Tatsuya Imai,837227,R,R,1.52,0.1348,87.59,97.4509,0.3294,0.0725,0.2778,69.07,6.39,40.32,17.57,32.48,3.9,10.5,45.9,90.2,0.42,0.185,25.6,9.0,9.0,9.0,Daikin Park,100,94,1,34 deg,Open-Meteo forecast; MLB fallback,https://forecast.weather.gov/MapClick.php?lat=29.7573&lon=-95.3555,47,0,No,No,9,Yes,Yes,RotoWire projected lineup; MLB probable pitchers,lineup projected / unconfirmed,H:2026/2025 P:2026,,,Direct BvP not yet weighted; 2026/2025 Statcast baseline active,7,6,27,0,"Last 7 games: 6/27, 0 HR","same-side matchup; pitcher baseline 10.5% barrel, 9.0 HR allowed",neutral batted-ball profile; pitcher fly-ball pressure modest,,
665161,Jeremy Pena,HOU,MIA,2026-07-22T00:10:00Z,Scheduled,1,Tyler Phillips,663969,R,R,5.33,0.1548,87.99,99.5799,0.4362,0.1445,0.3473,72.23,13.81,46.34,25.34,39.82,10.0,6.99,43.75,89.9,0.4029,0.1464,24.54,8.0,8.0,8.0,Daikin Park,100,94,1,34 deg,Open-Meteo forecast; MLB fallback,https://forecast.weather.gov/MapClick.php?lat=29.7573&lon=-95.3555,47,0,No,No,1,Yes,Yes,RotoWire projected lineup; MLB probable pitchers,lineup projected / unconfirmed,H:2026/2025 P:2026/2025,,,Direct BvP not yet weighted; 2026/2025 Statcast baseline active,7,7,26,1,"Last 7 games: 7/26, 1 HR","same-side matchup; pitcher baseline 7.0% barrel, 8.0 HR allowed",neutral batted-ball profile; pitcher fly-ball pressure modest,,
670541,Yordan Alvarez,HOU,MIA,2026-07-22T00:10:00Z,Scheduled,2,Tyler Phillips,663969,R,L,17.65,0.276,94.7,105.2162,0.6708,0.349,0.4532,76.1,61.95,41.23,37.64,53.25,24.9,6.99,43.75,89.9,0.4029,0.1464,24.54,8.0,8.0,8.0,Daikin Park,100,94,1,34 deg,Open-Meteo forecast; MLB fallback,https://forecast.weather.gov/MapClick.php?lat=29.7573&lon=-95.3555,47,0,No,No,2,Yes,Yes,RotoWire projected lineup; MLB probable pitchers,lineup projected / unconfirmed,H:2026/2025 P:2026/2025,,,Direct BvP not yet weighted; 2026/2025 Statcast baseline active,7,13,25,4,Hot streak: 4 HR in last 7 games,"platoon edge; pitcher baseline 7.0% barrel, 8.0 HR allowed",lift-pull EV profile; pitcher fly-ball pressure modest,,
670623,Isaac Paredes,HOU,MIA,2026-07-22T00:10:00Z,Scheduled,3,Tyler Phillips,663969,R,R,6.02,0.1746,86.91,97.1344,0.3702,0.1306,0.3179,67.95,7.4,52.56,31.08,31.22,14.4,6.99,43.75,89.9,0.4029,0.1464,24.54,8.0,8.0,8.0,Daikin Park,100,94,1,34 deg,Open-Meteo forecast; MLB fallback,https://forecast.weather.gov/MapClick.php?lat=29.7573&lon=-95.3555,47,0,No,No,3,Yes,Yes,RotoWire projected lineup; MLB probable pitchers,lineup projected / unconfirmed,H:2026/2025 P:2026/2025,,,Direct BvP not yet weighted; 2026/2025 Statcast baseline active,7,8,26,0,"Last 7 games: 8/26, 0 HR","same-side matchup; pitcher baseline 7.0% barrel, 8.0 HR allowed",neutral batted-ball profile; pitcher fly-ball pressure modest,,
572233,Christian Walker,HOU,MIA,2026-07-22T00:10:00Z,Scheduled,4,Tyler Phillips,663969,R,R,10.8,0.2103,89.85,101.5356,0.3986,0.1729,0.3049,74.24,42.67,43.81,28.14,43.44,22.1,6.99,43.75,89.9,0.4029,0.1464,24.54,8.0,8.0,8.0,Daikin Park,100,94,1,34 deg,Open-Meteo forecast; MLB fallback,https://forecast.weather.gov/MapClick.php?lat=29.7573&lon=-95.3555,47,0,No,No,4,Yes,Yes,RotoWire projected lineup; MLB probable pitchers,lineup projected / unconfirmed,H:2026/2025 P:2026/2025,,,Direct BvP not yet weighted; 2026/2025 Statcast baseline active,7,2,22,0,"Last 7 games: 2/22, 0 HR","same-side matchup; pitcher baseline 7.0% barrel, 8.0 HR allowed",neutral batted-ball profile; pitcher fly-ball pressure modest,,
514888,Jose Altuve,HOU,MIA,2026-07-22T00:10:00Z,Scheduled,5,Tyler Phillips,663969,R,R,6.13,0.1735,85.52,97.2725,0.3525,0.1232,0.2874,69.07,9.67,45.29,22.44,32.09,16.2,6.99,43.75,89.9,0.4029,0.1464,24.54,8.0,8.0,8.0,Daikin Park,100,94,1,34 deg,Open-Meteo forecast; MLB fallback,https://forecast.weather.gov/MapClick.php?lat=29.7573&lon=-95.3555,47,0,No,No,5,Yes,Yes,RotoWire projected lineup; MLB probable pitchers,lineup projected / unconfirmed,H:2026/2025 P:2026/2025,,,Direct BvP not yet weighted; 2026/2025 Statcast baseline active,7,8,29,2,Hot streak: 2 HR in last 7 games,"same-side matchup; pitcher baseline 7.0% barrel, 8.0 HR allowed",neutral batted-ball profile; pitcher fly-ball pressure modest,,
664774,LaMonte Wade,HOU,MIA,2026-07-22T00:10:00Z,Scheduled,6,Tyler Phillips,663969,R,L,6.18,0.1626,85.85,97.4984,0.2951,0.1132,0.2775,71.26,11.79,32.8,27.19,31.24,2.0,6.99,43.75,89.9,0.4029,0.1464,24.54,8.0,8.0,8.0,Daikin Park,100,94,1,34 deg,Open-Meteo forecast; MLB fallback,https://forecast.weather.gov/MapClick.php?lat=29.7573&lon=-95.3555,47,0,No,No,6,Yes,Yes,RotoWire projected lineup; MLB probable pitchers,lineup projected / unconfirmed,H:2026/2025 P:2026/2025,,,Direct BvP not yet weighted; 2026/2025 Statcast baseline active,7,4,20,1,"Last 7 games: 4/20, 1 HR","platoon edge; pitcher baseline 7.0% barrel, 8.0 HR allowed",neutral batted-ball profile; pitcher fly-ball pressure modest,,
701358,Cam Smith,HOU,MIA,2026-07-22T00:10:00Z,Scheduled,7,Tyler Phillips,663969,R,R,10.33,0.143,88.95,101.571,0.4257,0.1802,0.325,76.53,66.78,36.65,24.09,43.32,11.1,6.99,43.75,89.9,0.4029,0.1464,24.54,8.0,8.0,8.0,Daikin Park,100,94,1,34 deg,Open-Meteo forecast; MLB fallback,https://forecast.weather.gov/MapClick.php?lat=29.7573&lon=-95.3555,47,0,No,No,7,Yes,Yes,RotoWire projected lineup; MLB probable pitchers,lineup projected / unconfirmed,H:2026/2025 P:2026/2025,,,Direct BvP not yet weighted; 2026/2025 Statcast baseline active,7,1,21,1,"Last 7 games: 1/21, 1 HR","same-side matchup; pitcher baseline 7.0% barrel, 8.0 HR allowed",neutral batted-ball profile; pitcher fly-ball pressure modest,,
673237,Yainer Diaz,HOU,MIA,2026-07-22T00:10:00Z,Scheduled,8,Tyler Phillips,663969,R,R,6.59,0.154,88.57,99.331,0.4097,0.148,0.3029,72.41,21.1,36.7,19.1,35.06,10.2,6.99,43.75,89.9,0.4029,0.1464,24.54,8.0,8.0,8.0,Daikin Park,100,94,1,34 deg,Open-Meteo forecast; MLB fallback,https://forecast.weather.gov/MapClick.php?lat=29.7573&lon=-95.3555,47,0,No,No,8,Yes,Yes,RotoWire projected lineup; MLB probable pitchers,lineup projected / unconfirmed,H:2026/2025 P:2026/2025,,,Direct BvP not yet weighted; 2026/2025 Statcast baseline active,7,6,25,1,"Last 7 games: 6/25, 1 HR","same-side matchup; pitcher baseline 7.0% barrel, 8.0 HR allowed",neutral batted-ball profile; pitcher fly-ball pressure modest,,
828599,Lucas Spence,HOU,MIA,2026-07-22T00:10:00Z,Scheduled,9,Tyler Phillips,663969,R,L,10.0,0.0,94.5,105.185,0.391,0.13,0.333,72.5,23.1,50.0,30.0,60.0,0.0,6.99,43.75,89.9,0.4029,0.1464,24.54,8.0,8.0,8.0,Daikin Park,100,94,1,34 deg,Open-Meteo forecast; MLB fallback,https://forecast.weather.gov/MapClick.php?lat=29.7573&lon=-95.3555,47,0,No,No,9,Yes,Yes,RotoWire projected lineup; MLB probable pitchers,lineup projected / unconfirmed,H:2026 P:2026/2025,,,Direct BvP not yet weighted; 2026/2025 Statcast baseline active,4,3,14,0,"Last 4 games: 3/14, 0 HR","platoon edge; pitcher baseline 7.0% barrel, 8.0 HR allowed",lift-pull EV profile; pitcher fly-ball pressure modest,,
695578,James Wood,WSH,COL,2026-07-22T00:40:00Z,Scheduled,1,Michael Lorenzen,547179,R,L,20.32,0.2631,94.86,106.3664,0.5693,0.2995,0.4058,76.56,66.48,30.19,26.55,58.61,28.9,8.73,44.24,90.21,0.4629,0.1805,25.31,17.3,17.3,17.3,Coors Field,120,,,,NOAA link only,https://forecast.weather.gov/MapClick.php?lat=39.7559&lon=-104.9942,,,No,No,1,Yes,Yes,RotoWire projected lineup; MLB probable pitchers,lineup projected / unconfirmed,H:2026/2025 P:2026/2025,,,Direct BvP not yet weighted; 2026/2025 Statcast baseline active,7,9,30,3,Hot streak: 3 HR in last 7 games,"platoon edge; pitcher baseline 8.7% barrel, 17.3 HR allowed",EV profile; pitcher fly-ball pressure modest,,
671277,Luis Garcia,WSH,COL,2026-07-22T00:40:00Z,Scheduled,2,Michael Lorenzen,547179,R,L,10.05,0.2321,91.32,101.7629,0.4924,0.203,0.3502,73.31,34.58,40.1,21.56,46.22,18.8,8.73,44.24,90.21,0.4629,0.1805,25.31,17.3,17.3,17.3,Coors Field,120,,,,NOAA link only,https://forecast.weather.gov/MapClick.php?lat=39.7559&lon=-104.9942,,,No,No,2,Yes,Yes,RotoWire projected lineup; MLB probable pitchers,lineup projected / unconfirmed,H:2026/2025 P:2026/2025,,,Direct BvP not yet weighted; 2026/2025 Statcast baseline active,7,5,24,1,"Last 7 games: 5/24, 1 HR","platoon edge; pitcher baseline 8.7% barrel, 17.3 HR allowed",neutral batted-ball profile; pitcher fly-ball pressure modest,,
678554,Curtis Mead,WSH,COL,2026-07-22T00:40:00Z,Scheduled,3,Michael Lorenzen,547179,R,R,9.19,0.2042,87.92,99.8754,0.434,0.1782,0.3401,72.81,30.41,43.68,30.79,40.61,12.8,8.73,44.24,90.21,0.4629,0.1805,25.31,17.3,17.3,17.3,Coors Field,120,,,,NOAA link only,https://forecast.weather.gov/MapClick.php?lat=39.7559&lon=-104.9942,,,No,No,3,Yes,Yes,RotoWire projected lineup; MLB probable pitchers,lineup projected / unconfirmed,H:2026/2025 P:2026/2025,,,Direct BvP not yet weighted; 2026/2025 Statcast baseline active,7,12,25,2,Hot streak: 2 HR in last 7 games,"same-side matchup; pitcher baseline 8.7% barrel, 17.3 HR allowed",neutral batted-ball profile; pitcher fly-ball pressure modest,,
682928,CJ Abrams,WSH,COL,2026-07-22T00:40:00Z,Scheduled,4,Michael Lorenzen,547179,R,L,9.56,0.225,89.54,100.1526,0.4395,0.1854,0.3349,72.68,26.76,44.5,29.5,41.37,21.1,8.73,44.24,90.21,0.4629,0.1805,25.31,17.3,17.3,17.3,Coors Field,120,,,,NOAA link only,https://forecast.weather.gov/MapClick.php?lat=39.7559&lon=-104.9942,,,No,No,4,Yes,Yes,RotoWire projected lineup; MLB probable pitchers,lineup projected / unconfirmed,H:2026/2025 P:2026/2025,,,Direct BvP not yet weighted; 2026/2025 Statcast baseline active,7,8,30,2,Hot streak: 2 HR in last 7 games,"platoon edge; pitcher baseline 8.7% barrel, 17.3 HR allowed",neutral batted-ball profile; pitcher fly-ball pressure modest,,
660688,Keibert Ruiz,WSH,COL,2026-07-22T00:40:00Z,Scheduled,5,Michael Lorenzen,547179,R,S,4.58,0.1557,88.37,97.8994,0.3629,0.1171,0.2793,67.22,0.51,54.75,27.89,36.5,5.5,8.73,44.24,90.21,0.4629,0.1805,25.31,17.3,17.3,17.3,Coors Field,120,,,,NOAA link only,https://forecast.weather.gov/MapClick.php?lat=39.7559&lon=-104.9942,,,No,No,5,Yes,Yes,RotoWire projected lineup; MLB probable pitchers,lineup projected / unconfirmed,H:2026/2025 P:2026/2025,,,Direct BvP not yet weighted; 2026/2025 Statcast baseline active,7,6,21,1,"Last 7 games: 6/21, 1 HR","switch hitter; pitcher baseline 8.7% barrel, 17.3 HR allowed",neutral batted-ball profile; pitcher fly-ball pressure modest,,
695734,Daylen Lile,WSH,COL,2026-07-22T00:40:00Z,Scheduled,6,Michael Lorenzen,547179,R,L,7.16,0.1724,88.34,98.7588,0.4273,0.1565,0.3263,70.32,6.84,41.15,31.5,37.16,10.4,8.73,44.24,90.21,0.4629,0.1805,25.31,17.3,17.3,17.3,Coors Field,120,,,,NOAA link only,https://forecast.weather.gov/MapClick.php?lat=39.7559&lon=-104.9942,,,No,No,6,Yes,Yes,RotoWire projected lineup; MLB probable pitchers,lineup projected / unconfirmed,H:2026/2025 P:2026/2025,,,Direct BvP not yet weighted; 2026/2025 Statcast baseline active,7,4,24,1,"Last 7 games: 4/24, 1 HR","platoon edge; pitcher baseline 8.7% barrel, 17.3 HR allowed",neutral batted-ball profile; pitcher fly-ball pressure modest,,
686611,Dylan Crews,WSH,COL,2026-07-22T00:40:00Z,Scheduled,7,Michael Lorenzen,547179,R,R,9.38,0.1433,90.26,101.3993,0.4147,0.1755,0.3168,73.58,34.13,33.8,28.05,41.01,7.9,8.73,44.24,90.21,0.4629,0.1805,25.31,17.3,17.3,17.3,Coors Field,120,,,,NOAA link only,https://forecast.weather.gov/MapClick.php?lat=39.7559&lon=-104.9942,,,No,No,7,Yes,Yes,RotoWire projected lineup; MLB probable pitchers,lineup projected / unconfirmed,H:2026/2025 P:2026/2025,,,Direct BvP not yet weighted; 2026/2025 Statcast baseline active,7,2,25,1,"Last 7 games: 2/25, 1 HR","same-side matchup; pitcher baseline 8.7% barrel, 17.3 HR allowed",neutral batted-ball profile; pitcher fly-ball pressure modest,,
696285,Jacob Young,WSH,COL,2026-07-22T00:40:00Z,Scheduled,8,Michael Lorenzen,547179,R,R,5.54,0.1246,88.37,98.5257,0.3759,0.1167,0.3061,69.07,2.3,34.86,23.65,35.32,6.9,8.73,44.24,90.21,0.4629,0.1805,25.31,17.3,17.3,17.3,Coors Field,120,,,,NOAA link only,https://forecast.weather.gov/MapClick.php?lat=39.7559&lon=-104.9942,,,No,No,8,Yes,Yes,RotoWire projected lineup; MLB probable pitchers,lineup projected / unconfirmed,H:2026/2025 P:2026/2025,,,Direct BvP not yet weighted; 2026/2025 Statcast baseline active,7,9,24,1,Contact streak: 9/24 over last 7 games,"same-side matchup; pitcher baseline 8.7% barrel, 17.3 HR allowed",neutral batted-ball profile; pitcher fly-ball pressure modest,,
683083,Nasim Nunez,WSH,COL,2026-07-22T00:40:00Z,Scheduled,9,Michael Lorenzen,547179,R,S,1.76,0.0839,85.94,95.9173,0.2998,0.0741,0.2778,68.84,5.08,32.2,19.03,26.73,1.9,8.73,44.24,90.21,0.4629,0.1805,25.31,17.3,17.3,17.3,Coors Field,120,,,,NOAA link only,https://forecast.weather.gov/MapClick.php?lat=39.7559&lon=-104.9942,,,No,No,9,Yes,Yes,RotoWire projected lineup; MLB probable pitchers,lineup projected / unconfirmed,H:2026/2025 P:2026/2025,,,Direct BvP not yet weighted; 2026/2025 Statcast baseline active,7,5,21,0,"Last 7 games: 5/21, 0 HR","switch hitter; pitcher baseline 8.7% barrel, 17.3 HR allowed",neutral batted-ball profile; pitcher fly-ball pressure modest,,
664983,Jake McCarthy,COL,WSH,2026-07-22T00:40:00Z,Scheduled,1,Miles Mikolas,571945,R,L,5.58,0.1872,84.98,96.3771,0.3929,0.1364,0.3063,70.71,11.72,36.89,21.59,25.85,8.2,9.83,41.24,89.72,0.4927,0.2151,27.72,22.7,22.7,22.7,Coors Field,120,,,,NOAA link only,https://forecast.weather.gov/MapClick.php?lat=39.7559&lon=-104.9942,,,No,No,1,Yes,Yes,RotoWire projected lineup; MLB probable pitchers,lineup projected / unconfirmed,H:2026/2025 P:2026/2025,,,Direct BvP not yet weighted; 2026/2025 Statcast baseline active,7,10,27,1,Contact streak: 10/27 over last 7 games,"platoon edge; pitcher baseline 9.8% barrel, 22.7 HR allowed",neutral batted-ball profile; pitcher fly-ball pressure modest,,
666160,Mickey Moniak,COL,WSH,2026-07-22T00:40:00Z,Scheduled,2,Miles Mikolas,571945,R,L,12.26,0.2711,89.77,100.5863,0.4571,0.2175,0.3167,74.15,43.49,48.2,38.31,44.32,17.7,9.83,41.24,89.72,0.4927,0.2151,27.72,22.7,22.7,22.7,Coors Field,120,,,,NOAA link only,https://forecast.weather.gov/MapClick.php?lat=39.7559&lon=-104.9942,,,No,No,2,Yes,Yes,RotoWire projected lineup; MLB probable pitchers,lineup projected / unconfirmed,H:2026/2025 P:2026/2025,,,Direct BvP not yet weighted; 2026/2025 Statcast baseline active,7,6,26,0,"Last 7 games: 6/26, 0 HR","platoon edge; pitcher baseline 9.8% barrel, 22.7 HR allowed",fly-ball profile; pitcher fly-ball pressure modest,,
696100,Hunter Goodman,COL,WSH,2026-07-22T00:40:00Z,Scheduled,3,Miles Mikolas,571945,R,R,16.12,0.2833,91.01,102.9846,0.4814,0.2406,0.3352,75.1,51.31,49.12,31.01,46.41,30.3,9.83,41.24,89.72,0.4927,0.2151,27.72,22.7,22.7,22.7,Coors Field,120,,,,NOAA link only,https://forecast.weather.gov/MapClick.php?lat=39.7559&lon=-104.9942,,,No,No,3,Yes,Yes,RotoWire projected lineup; MLB probable pitchers,lineup projected / unconfirmed,H:2026/2025 P:2026/2025,,,Direct BvP not yet weighted; 2026/2025 Statcast baseline active,7,8,25,3,Hot streak: 3 HR in last 7 games,"same-side matchup; pitcher baseline 9.8% barrel, 22.7 HR allowed",neutral batted-ball profile; pitcher fly-ball pressure modest,,
681198,TJ Rumfield,COL,WSH,2026-07-22T00:40:00Z,Scheduled,4,Miles Mikolas,571945,R,L,5.5,0.18,83.9,96.434,0.385,0.134,0.324,69.0,8.7,44.7,28.5,28.1,13.0,9.83,41.24,89.72,0.4927,0.2151,27.72,22.7,22.7,22.7,Coors Field,120,,,,NOAA link only,https://forecast.weather.gov/MapClick.php?lat=39.7559&lon=-104.9942,,,No,No,4,Yes,Yes,RotoWire projected lineup; MLB probable pitchers,lineup projected / unconfirmed,H:2026 P:2026/2025,,,Direct BvP not yet weighted; 2026/2025 Statcast baseline active,7,7,24,1,"Last 7 games: 7/24, 1 HR","platoon edge; pitcher baseline 9.8% barrel, 22.7 HR allowed",neutral batted-ball profile; pitcher fly-ball pressure modest,,
650489,Willi Castro,COL,WSH,2026-07-22T00:40:00Z,Scheduled,5,Miles Mikolas,571945,R,S,6.92,0.1365,87.82,99.9346,0.368,0.1372,0.3004,72.65,26.49,43.51,32.23,39.4,9.6,9.83,41.24,89.72,0.4927,0.2151,27.72,22.7,22.7,22.7,Coors Field,120,,,,NOAA link only,https://forecast.weather.gov/MapClick.php?lat=39.7559&lon=-104.9942,,,No,No,5,Yes,Yes,RotoWire projected lineup; MLB probable pitchers,lineup projected / unconfirmed,H:2026/2025 P:2026/2025,,,Direct BvP not yet weighted; 2026/2025 Statcast baseline active,7,6,24,3,Hot streak: 3 HR in last 7 games,"switch hitter; pitcher baseline 9.8% barrel, 22.7 HR allowed",neutral batted-ball profile; pitcher fly-ball pressure modest,,
691720,Kyle Karros,COL,WSH,2026-07-22T00:40:00Z,Scheduled,6,Miles Mikolas,571945,R,R,6.32,0.1336,89.16,99.8347,0.367,0.125,0.3154,70.08,5.86,39.22,23.5,40.84,6.6,9.83,41.24,89.72,0.4927,0.2151,27.72,22.7,22.7,22.7,Coors Field,120,,,,NOAA link only,https://forecast.weather.gov/MapClick.php?lat=39.7559&lon=-104.9942,,,No,No,6,Yes,Yes,RotoWire projected lineup; MLB probable pitchers,lineup projected / unconfirmed,H:2026/2025 P:2026/2025,,,Direct BvP not yet weighted; 2026/2025 Statcast baseline active,7,6,27,1,"Last 7 games: 6/27, 1 HR","same-side matchup; pitcher baseline 9.8% barrel, 22.7 HR allowed",neutral batted-ball profile; pitcher fly-ball pressure modest,,
694249,Cole Carrigg,COL,WSH,2026-07-22T00:40:00Z,Scheduled,7,Miles Mikolas,571945,R,S,6.9,0.232,85.7,97.8085,0.402,0.155,0.326,73.5,37.3,46.0,28.7,29.9,4.0,9.83,41.24,89.72,0.4927,0.2151,27.72,22.7,22.7,22.7,Coors Field,120,,,,NOAA link only,https://forecast.weather.gov/MapClick.php?lat=39.7559&lon=-104.9942,,,No,No,7,Yes,Yes,RotoWire projected lineup; MLB probable pitchers,lineup projected / unconfirmed,H:2026 P:2026/2025,,,Direct BvP not yet weighted; 2026/2025 Statcast baseline active,7,4,20,0,"Last 7 games: 4/20, 0 HR","switch hitter; pitcher baseline 9.8% barrel, 22.7 HR allowed",neutral batted-ball profile; pitcher fly-ball pressure modest,,
687859,Troy Johnston,COL,WSH,2026-07-22T00:40:00Z,Scheduled,8,Miles Mikolas,571945,R,L,4.29,0.1234,89.74,99.1211,0.4034,0.1275,0.3303,70.25,5.79,40.14,23.23,39.09,3.3,9.83,41.24,89.72,0.4927,0.2151,27.72,22.7,22.7,22.7,Coors Field,120,,,,NOAA link only,https://forecast.weather.gov/MapClick.php?lat=39.7559&lon=-104.9942,,,No,No,8,Yes,Yes,RotoWire projected lineup; MLB probable pitchers,lineup projected / unconfirmed,H:2026/2025 P:2026/2025,,,Direct BvP not yet weighted; 2026/2025 Statcast baseline active,7,2,18,0,"Last 7 games: 2/18, 0 HR","platoon edge; pitcher baseline 9.8% barrel, 22.7 HR allowed",neutral batted-ball profile; pitcher fly-ball pressure modest,,
678662,Ezequiel Tovar,COL,WSH,2026-07-22T00:40:00Z,Scheduled,9,Miles Mikolas,571945,R,R,7.41,0.1323,87.86,98.8489,0.385,0.1541,0.2861,71.95,20.36,37.47,30.48,34.49,8.3,9.83,41.24,89.72,0.4927,0.2151,27.72,22.7,22.7,22.7,Coors Field,120,,,,NOAA link only,https://forecast.weather.gov/MapClick.php?lat=39.7559&lon=-104.9942,,,No,No,9,Yes,Yes,RotoWire projected lineup; MLB probable pitchers,lineup projected / unconfirmed,H:2026/2025 P:2026/2025,,,Direct BvP not yet weighted; 2026/2025 Statcast baseline active,7,2,20,0,"Last 7 games: 2/20, 0 HR","same-side matchup; pitcher baseline 9.8% barrel, 22.7 HR allowed",neutral batted-ball profile; pitcher fly-ball pressure modest,,
802139,JJ Wetherholt,STL,LAA,2026-07-22T01:38:00Z,Scheduled,1,Walbert Ureña,700712,R,L,7.3,0.141,90.0,99.4404,0.433,0.175,0.348,72.4,22.7,38.0,30.4,45.4,14.0,5.4,32.3,86.7,0.29,0.093,22.0,5.0,5.0,5.0,Angel Stadium,101,82,5,203 deg,Open-Meteo forecast; MLB fallback,https://forecast.weather.gov/MapClick.php?lat=33.8003&lon=-117.8827,53,2,No,No,1,Yes,Yes,RotoWire projected lineup; MLB probable pitchers,lineup projected / unconfirmed,H:2026 P:2026,,,Direct BvP not yet weighted; 2026/2025 Statcast baseline active,7,5,28,1,"Last 7 games: 5/28, 1 HR","platoon edge; pitcher baseline 5.4% barrel, 5.0 HR allowed",neutral batted-ball profile; pitcher fly-ball pressure modest,,
671056,Ivan Herrera,STL,LAA,2026-07-22T01:38:00Z,Scheduled,2,Walbert Ureña,700712,R,R,7.18,0.1478,89.73,100.9809,0.4105,0.1551,0.3479,74.05,44.06,36.19,19.73,41.54,13.4,5.4,32.3,86.7,0.29,0.093,22.0,5.0,5.0,5.0,Angel Stadium,101,82,5,203 deg,Open-Meteo forecast; MLB fallback,https://forecast.weather.gov/MapClick.php?lat=33.8003&lon=-117.8827,53,2,No,No,2,Yes,Yes,RotoWire projected lineup; MLB probable pitchers,lineup projected / unconfirmed,H:2026/2025 P:2026,,,Direct BvP not yet weighted; 2026/2025 Statcast baseline active,7,6,31,0,"Last 7 games: 6/31, 0 HR","same-side matchup; pitcher baseline 5.4% barrel, 5.0 HR allowed",neutral batted-ball profile; pitcher fly-ball pressure modest,,
676475,Alec Burleson,STL,LAA,2026-07-22T01:38:00Z,Scheduled,3,Walbert Ureña,700712,R,L,10.83,0.1809,91.49,101.7961,0.52,0.2298,0.373,73.03,31.02,43.4,28.31,46.71,15.9,5.4,32.3,86.7,0.29,0.093,22.0,5.0,5.0,5.0,Angel Stadium,101,82,5,203 deg,Open-Meteo forecast; MLB fallback,https://forecast.weather.gov/MapClick.php?lat=33.8003&lon=-117.8827,53,2,No,No,3,Yes,Yes,RotoWire projected lineup; MLB probable pitchers,lineup projected / unconfirmed,H:2026/2025 P:2026,,,Direct BvP not yet weighted; 2026/2025 Statcast baseline active,7,7,27,0,"Last 7 games: 7/27, 0 HR","platoon edge; pitcher baseline 5.4% barrel, 5.0 HR allowed",neutral batted-ball profile; pitcher fly-ball pressure modest,,
691023,Jordan Walker,STL,LAA,2026-07-22T01:38:00Z,Scheduled,4,Walbert Ureña,700712,R,R,13.21,0.1904,93.42,105.2929,0.468,0.2054,0.3438,78.87,83.4,38.1,23.49,50.63,17.2,5.4,32.3,86.7,0.29,0.093,22.0,5.0,5.0,5.0,Angel Stadium,101,82,5,203 deg,Open-Meteo forecast; MLB fallback,https://forecast.weather.gov/MapClick.php?lat=33.8003&lon=-117.8827,53,2,No,No,4,Yes,Yes,RotoWire projected lineup; MLB probable pitchers,lineup projected / unconfirmed,H:2026/2025 P:2026,,,Direct BvP not yet weighted; 2026/2025 Statcast baseline active,7,7,26,0,"Last 7 games: 7/26, 0 HR","same-side matchup; pitcher baseline 5.4% barrel, 5.0 HR allowed",EV profile; pitcher fly-ball pressure modest,,
663457,Lars Nootbaar,STL,LAA,2026-07-22T01:38:00Z,Scheduled,5,Walbert Ureña,700712,R,L,10.2,0.1403,91.44,101.7371,0.442,0.1935,0.345,73.05,34.37,41.15,26.94,50.77,6.0,5.4,32.3,86.7,0.29,0.093,22.0,5.0,5.0,5.0,Angel Stadium,101,82,5,203 deg,Open-Meteo forecast; MLB fallback,https://forecast.weather.gov/MapClick.php?lat=33.8003&lon=-117.8827,53,2,No,No,5,Yes,Yes,RotoWire projected lineup; MLB probable pitchers,lineup projected / unconfirmed,H:2026/2025 P:2026,,,Direct BvP not yet weighted; 2026/2025 Statcast baseline active,7,4,18,1,"Last 7 games: 4/18, 1 HR","platoon edge; pitcher baseline 5.4% barrel, 5.0 HR allowed",neutral batted-ball profile; pitcher fly-ball pressure modest,,
691026,Masyn Winn,STL,LAA,2026-07-22T01:38:00Z,Scheduled,6,Walbert Ureña,700712,R,R,3.61,0.0925,88.16,98.6921,0.3316,0.0846,0.2951,71.03,15.06,33.23,20.34,34.88,5.5,5.4,32.3,86.7,0.29,0.093,22.0,5.0,5.0,5.0,Angel Stadium,101,82,5,203 deg,Open-Meteo forecast; MLB fallback,https://forecast.weather.gov/MapClick.php?lat=33.8003&lon=-117.8827,53,2,No,No,6,Yes,Yes,RotoWire projected lineup; MLB probable pitchers,lineup projected / unconfirmed,H:2026/2025 P:2026,,,Direct BvP not yet weighted; 2026/2025 Statcast baseline active,7,3,20,0,"Last 7 games: 3/20, 0 HR","same-side matchup; pitcher baseline 5.4% barrel, 5.0 HR allowed",neutral batted-ball profile; pitcher fly-ball pressure modest,,
701675,Nathan Church,STL,LAA,2026-07-22T01:38:00Z,Scheduled,7,Walbert Ureña,700712,R,L,6.04,0.1193,86.97,98.0402,0.3406,0.1179,0.2708,69.77,8.41,34.78,19.36,34.85,5.9,5.4,32.3,86.7,0.29,0.093,22.0,5.0,5.0,5.0,Angel Stadium,101,82,5,203 deg,Open-Meteo forecast; MLB fallback,https://forecast.weather.gov/MapClick.php?lat=33.8003&lon=-117.8827,53,2,No,No,7,Yes,Yes,RotoWire projected lineup; MLB probable pitchers,lineup projected / unconfirmed,H:2026/2025 P:2026,,,Direct BvP not yet weighted; 2026/2025 Statcast baseline active,7,2,19,0,"Last 7 games: 2/19, 0 HR","platoon edge; pitcher baseline 5.4% barrel, 5.0 HR allowed",neutral batted-ball profile; pitcher fly-ball pressure modest,,
665877,Jose Fermin,STL,LAA,2026-07-22T01:38:00Z,Scheduled,8,Walbert Ureña,700712,R,R,1.47,0.1277,85.91,96.2221,0.3453,0.0913,0.3012,68.0,3.23,47.06,23.68,29.75,3.1,5.4,32.3,86.7,0.29,0.093,22.0,5.0,5.0,5.0,Angel Stadium,101,82,5,203 deg,Open-Meteo forecast; MLB fallback,https://forecast.weather.gov/MapClick.php?lat=33.8003&lon=-117.8827,53,2,No,No,8,Yes,Yes,RotoWire projected lineup; MLB probable pitchers,lineup projected / unconfirmed,H:2026/2025 P:2026,,,Direct BvP not yet weighted; 2026/2025 Statcast baseline active,7,6,23,1,"Last 7 games: 6/23, 1 HR","same-side matchup; pitcher baseline 5.4% barrel, 5.0 HR allowed",neutral batted-ball profile; pitcher fly-ball pressure modest,,
699625,Jimmy Crooks,STL,LAA,2026-07-22T01:38:00Z,Scheduled,9,Walbert Ureña,700712,R,L,8.99,0.1467,91.63,101.1691,0.4079,0.1886,0.3063,71.55,16.71,33.57,37.38,50.15,2.4,5.4,32.3,86.7,0.29,0.093,22.0,5.0,5.0,5.0,Angel Stadium,101,82,5,203 deg,Open-Meteo forecast; MLB fallback,https://forecast.weather.gov/MapClick.php?lat=33.8003&lon=-117.8827,53,2,No,No,9,Yes,Yes,RotoWire projected lineup; MLB probable pitchers,lineup projected / unconfirmed,H:2026/2025 P:2026,,,Direct BvP not yet weighted; 2026/2025 Statcast baseline active,7,3,13,2,Hot streak: 2 HR in last 7 games,"platoon edge; pitcher baseline 5.4% barrel, 5.0 HR allowed",fly-ball profile; pitcher fly-ball pressure modest,,
687263,Zach Neto,LAA,STL,2026-07-22T01:38:00Z,Scheduled,1,Matthew Liberatore,669461,L,R,13.23,0.2114,89.81,100.1337,0.4313,0.2139,0.3188,71.19,13.23,47.34,35.24,41.28,21.1,9.83,42.15,90.67,0.4629,0.1885,28.66,17.6,17.6,17.6,Angel Stadium,101,82,5,203 deg,Open-Meteo forecast; MLB fallback,https://forecast.weather.gov/MapClick.php?lat=33.8003&lon=-117.8827,53,2,No,No,1,Yes,Yes,RotoWire projected lineup; MLB probable pitchers,lineup projected / unconfirmed,H:2026/2025 P:2026/2025,,,Direct BvP not yet weighted; 2026/2025 Statcast baseline active,7,7,28,0,"Last 7 games: 7/28, 0 HR","platoon edge; pitcher baseline 9.8% barrel, 17.6 HR allowed",fly-ball profile; pitcher fly-ball pressure modest,,
545361,Mike Trout,LAA,STL,2026-07-22T01:38:00Z,Scheduled,2,Matthew Liberatore,669461,L,R,18.32,0.2224,90.76,103.3895,0.5202,0.2698,0.3881,74.77,49.48,39.73,33.03,48.74,20.4,9.83,42.15,90.67,0.4629,0.1885,28.66,17.6,17.6,17.6,Angel Stadium,101,82,5,203 deg,Open-Meteo forecast; MLB fallback,https://forecast.weather.gov/MapClick.php?lat=33.8003&lon=-117.8827,53,2,No,No,2,Yes,Yes,RotoWire projected lineup; MLB probable pitchers,lineup projected / unconfirmed,H:2026/2025 P:2026/2025,,,Direct BvP not yet weighted; 2026/2025 Statcast baseline active,7,6,28,0,"Last 7 games: 6/28, 0 HR","platoon edge; pitcher baseline 9.8% barrel, 17.6 HR allowed",neutral batted-ball profile; pitcher fly-ball pressure modest,,
687093,Vaughn Grissom,LAA,STL,2026-07-22T01:38:00Z,Scheduled,3,Matthew Liberatore,669461,L,R,7.0,0.141,89.0,99.8749,0.43,0.158,0.343,71.8,21.8,40.1,26.7,41.9,5.0,9.83,42.15,90.67,0.4629,0.1885,28.66,17.6,17.6,17.6,Angel Stadium,101,82,5,203 deg,Open-Meteo forecast; MLB fallback,https://forecast.weather.gov/MapClick.php?lat=33.8003&lon=-117.8827,53,2,No,No,3,Yes,Yes,RotoWire projected lineup; MLB probable pitchers,lineup projected / unconfirmed,H:2026 P:2026/2025,,,Direct BvP not yet weighted; 2026/2025 Statcast baseline active,7,8,26,1,"Last 7 games: 8/26, 1 HR","platoon edge; pitcher baseline 9.8% barrel, 17.6 HR allowed",neutral batted-ball profile; pitcher fly-ball pressure modest,,
624585,Jorge Soler,LAA,STL,2026-07-22T01:38:00Z,Scheduled,4,Matthew Liberatore,669461,L,R,11.89,0.1699,88.65,101.5887,0.3744,0.1662,0.2975,74.7,48.55,50.35,24.68,41.65,11.3,9.83,42.15,90.67,0.4629,0.1885,28.66,17.6,17.6,17.6,Angel Stadium,101,82,5,203 deg,Open-Meteo forecast; MLB fallback,https://forecast.weather.gov/MapClick.php?lat=33.8003&lon=-117.8827,53,2,No,No,4,Yes,Yes,RotoWire projected lineup; MLB probable pitchers,lineup projected / unconfirmed,H:2026/2025 P:2026/2025,,,Direct BvP not yet weighted; 2026/2025 Statcast baseline active,7,3,24,0,"Last 7 games: 3/24, 0 HR","platoon edge; pitcher baseline 9.8% barrel, 17.6 HR allowed",neutral batted-ball profile; pitcher fly-ball pressure modest,,
666176,Jo Adell,LAA,STL,2026-07-22T01:38:00Z,Scheduled,5,Matthew Liberatore,669461,L,R,11.14,0.1818,90.3,102.6602,0.4699,0.2099,0.3356,77.39,71.72,38.0,26.86,45.52,20.9,9.83,42.15,90.67,0.4629,0.1885,28.66,17.6,17.6,17.6,Angel Stadium,101,82,5,203 deg,Open-Meteo forecast; MLB fallback,https://forecast.weather.gov/MapClick.php?lat=33.8003&lon=-117.8827,53,2,No,No,5,Yes,Yes,RotoWire projected lineup; MLB probable pitchers,lineup projected / unconfirmed,H:2026/2025 P:2026/2025,,,Direct BvP not yet weighted; 2026/2025 Statcast baseline active,7,2,26,1,"Last 7 games: 2/26, 1 HR","platoon edge; pitcher baseline 9.8% barrel, 17.6 HR allowed",neutral batted-ball profile; pitcher fly-ball pressure modest,,
694203,Denzer Guzman,LAA,STL,2026-07-22T01:38:00Z,Scheduled,6,Matthew Liberatore,669461,L,R,8.7,0.1446,87.13,98.6282,0.3377,0.1218,0.2581,73.43,33.79,44.66,26.5,39.33,3.4,9.83,42.15,90.67,0.4629,0.1885,28.66,17.6,17.6,17.6,Angel Stadium,101,82,5,203 deg,Open-Meteo forecast; MLB fallback,https://forecast.weather.gov/MapClick.php?lat=33.8003&lon=-117.8827,53,2,No,No,6,Yes,Yes,RotoWire projected lineup; MLB probable pitchers,lineup projected / unconfirmed,H:2026/2025 P:2026/2025,,,Direct BvP not yet weighted; 2026/2025 Statcast baseline active,7,4,19,1,"Last 7 games: 4/19, 1 HR","platoon edge; pitcher baseline 9.8% barrel, 17.6 HR allowed",neutral batted-ball profile; pitcher fly-ball pressure modest,,
672724,Oswald Peraza,LAA,STL,2026-07-22T01:38:00Z,Scheduled,7,Matthew Liberatore,669461,L,R,7.4,0.1217,87.31,99.9966,0.3445,0.1218,0.2704,72.83,28.81,37.39,20.38,38.03,6.4,9.83,42.15,90.67,0.4629,0.1885,28.66,17.6,17.6,17.6,Angel Stadium,101,82,5,203 deg,Open-Meteo forecast; MLB fallback,https://forecast.weather.gov/MapClick.php?lat=33.8003&lon=-117.8827,53,2,No,No,7,Yes,Yes,RotoWire projected lineup; MLB probable pitchers,lineup projected / unconfirmed,H:2026/2025 P:2026/2025,,,Direct BvP not yet weighted; 2026/2025 Statcast baseline active,7,3,11,0,"Last 7 games: 3/11, 0 HR","platoon edge; pitcher baseline 9.8% barrel, 17.6 HR allowed",neutral batted-ball profile; pitcher fly-ball pressure modest,,
642350,Jose Siri,LAA,STL,2026-07-22T01:38:00Z,Scheduled,8,Matthew Liberatore,669461,L,R,14.89,0.1607,86.23,98.8137,0.3893,0.1987,0.2855,72.94,31.86,28.26,40.8,34.42,3.5,9.83,42.15,90.67,0.4629,0.1885,28.66,17.6,17.6,17.6,Angel Stadium,101,82,5,203 deg,Open-Meteo forecast; MLB fallback,https://forecast.weather.gov/MapClick.php?lat=33.8003&lon=-117.8827,53,2,No,No,8,Yes,Yes,RotoWire projected lineup; MLB probable pitchers,lineup projected / unconfirmed,H:2026/2025 P:2026/2025,,,Direct BvP not yet weighted; 2026/2025 Statcast baseline active,7,1,4,0,"Last 7 games: 1/4, 0 HR","platoon edge; pitcher baseline 9.8% barrel, 17.6 HR allowed",fly-ball profile; pitcher fly-ball pressure modest,,
681351,Logan O'Hoppe,LAA,STL,2026-07-22T01:38:00Z,Scheduled,9,Matthew Liberatore,669461,L,R,11.34,0.1111,88.17,99.8828,0.3676,0.1564,0.2828,72.14,24.32,45.43,29.21,39.97,8.5,9.83,42.15,90.67,0.4629,0.1885,28.66,17.6,17.6,17.6,Angel Stadium,101,82,5,203 deg,Open-Meteo forecast; MLB fallback,https://forecast.weather.gov/MapClick.php?lat=33.8003&lon=-117.8827,53,2,No,No,9,Yes,Yes,RotoWire projected lineup; MLB probable pitchers,lineup projected / unconfirmed,H:2026/2025 P:2026/2025,,,Direct BvP not yet weighted; 2026/2025 Statcast baseline active,7,2,22,0,"Last 7 games: 2/22, 0 HR","platoon edge; pitcher baseline 9.8% barrel, 17.6 HR allowed",neutral batted-ball profile; pitcher fly-ball pressure modest,,
805779,Jacob Wilson,ATH,AZ,2026-07-22T01:40:00Z,Scheduled,1,Kohl Drake,684442,L,R,2.27,0.1267,84.25,95.5963,0.3598,0.0842,0.2949,64.11,0.44,32.88,20.39,27.15,8.1,,,,,,,,,,Chase Field,101,105,9,260 deg,Open-Meteo forecast; MLB fallback,https://forecast.weather.gov/MapClick.php?lat=33.4455&lon=-112.0667,22,1,No,No,1,Yes,Yes,RotoWire projected lineup; MLB probable pitchers,lineup projected / unconfirmed,H:2026/2025 P:,,,Direct BvP not yet weighted; 2026/2025 Statcast baseline active,7,13,30,2,Hot streak: 2 HR in last 7 games,"platoon edge; pitcher baseline 0.0% barrel, 0.0 HR allowed",neutral batted-ball profile; pitcher fly-ball pressure modest,,
691016,Tyler Soderstrom,ATH,AZ,2026-07-22T01:40:00Z,Scheduled,2,Kohl Drake,684442,L,L,10.7,0.2211,90.62,102.0462,0.4402,0.1813,0.3424,74.35,43.15,36.07,26.23,46.3,18.7,,,,,,,,,,Chase Field,101,105,9,260 deg,Open-Meteo forecast; MLB fallback,https://forecast.weather.gov/MapClick.php?lat=33.4455&lon=-112.0667,22,1,No,No,2,Yes,Yes,RotoWire projected lineup; MLB probable pitchers,lineup projected / unconfirmed,H:2026/2025 P:,,,Direct BvP not yet weighted; 2026/2025 Statcast baseline active,7,7,24,3,Hot streak: 3 HR in last 7 games,"same-side matchup; pitcher baseline 0.0% barrel, 0.0 HR allowed",neutral batted-ball profile; pitcher fly-ball pressure modest,,
669127,Shea Langeliers,ATH,AZ,2026-07-22T01:40:00Z,Scheduled,3,Kohl Drake,684442,L,R,13.89,0.2387,91.6,102.546,0.4945,0.2337,0.3504,74.85,49.4,40.02,31.03,45.04,24.7,,,,,,,,,,Chase Field,101,105,9,260 deg,Open-Meteo forecast; MLB fallback,https://forecast.weather.gov/MapClick.php?lat=33.4455&lon=-112.0667,22,1,No,No,3,Yes,Yes,RotoWire projected lineup; MLB probable pitchers,lineup projected / unconfirmed,H:2026/2025 P:,,,Direct BvP not yet weighted; 2026/2025 Statcast baseline active,7,6,26,2,Hot streak: 2 HR in last 7 games,"platoon edge; pitcher baseline 0.0% barrel, 0.0 HR allowed",neutral batted-ball profile; pitcher fly-ball pressure modest,,
641680,Jonah Heim,ATH,AZ,2026-07-22T01:40:00Z,Scheduled,4,Kohl Drake,684442,L,S,6.24,0.1778,87.19,97.5492,0.3705,0.1417,0.2865,69.84,9.45,40.77,27.9,30.51,9.6,,,,,,,,,,Chase Field,101,105,9,260 deg,Open-Meteo forecast; MLB fallback,https://forecast.weather.gov/MapClick.php?lat=33.4455&lon=-112.0667,22,1,No,No,4,Yes,Yes,RotoWire projected lineup; MLB probable pitchers,lineup projected / unconfirmed,H:2026/2025 P:,,,Direct BvP not yet weighted; 2026/2025 Statcast baseline active,7,5,30,0,"Last 7 games: 5/30, 0 HR","switch hitter; pitcher baseline 0.0% barrel, 0.0 HR allowed",neutral batted-ball profile; pitcher fly-ball pressure modest,,
811965,Joshua Kuroda-Grauer,ATH,AZ,2026-07-22T01:40:00Z,Scheduled,5,Kohl Drake,684442,L,R,1.9,0.166,89.3,99.3977,0.416,0.099,0.329,68.4,8.5,39.6,13.2,40.4,1.0,,,,,,,,,,Chase Field,101,105,9,260 deg,Open-Meteo forecast; MLB fallback,https://forecast.weather.gov/MapClick.php?lat=33.4455&lon=-112.0667,22,1,No,No,5,Yes,Yes,RotoWire projected lineup; MLB probable pitchers,lineup projected / unconfirmed,H:2026 P:,,,Direct BvP not yet weighted; 2026/2025 Statcast baseline active,7,10,26,1,Contact streak: 10/26 over last 7 games,"platoon edge; pitcher baseline 0.0% barrel, 0.0 HR allowed",neutral batted-ball profile; pitcher fly-ball pressure modest,,
687515,Colby Thomas,ATH,AZ,2026-07-22T01:40:00Z,Scheduled,6,Kohl Drake,684442,L,R,10.78,0.1598,90.03,100.9427,0.379,0.1865,0.2661,75.29,54.59,37.32,35.68,40.06,4.6,,,,,,,,,,Chase Field,101,105,9,260 deg,Open-Meteo forecast; MLB fallback,https://forecast.weather.gov/MapClick.php?lat=33.4455&lon=-112.0667,22,1,No,No,6,Yes,Yes,RotoWire projected lineup; MLB probable pitchers,lineup projected / unconfirmed,H:2026/2025 P:,,,Direct BvP not yet weighted; 2026/2025 Statcast baseline active,7,1,13,0,"Last 7 games: 1/13, 0 HR","platoon edge; pitcher baseline 0.0% barrel, 0.0 HR allowed",fly-ball profile; pitcher fly-ball pressure modest,,
695720,Tommy White,ATH,AZ,2026-07-22T01:40:00Z,Scheduled,7,Kohl Drake,684442,L,R,0.0,0.09,84.0,93.2168,0.408,0.065,0.358,70.3,8.0,27.3,9.1,27.3,0.0,,,,,,,,,,Chase Field,101,105,9,260 deg,Open-Meteo forecast; MLB fallback,https://forecast.weather.gov/MapClick.php?lat=33.4455&lon=-112.0667,22,1,No,No,7,Yes,Yes,RotoWire projected lineup; MLB probable pitchers,lineup projected / unconfirmed,H:2026 P:,,,Direct BvP not yet weighted; 2026/2025 Statcast baseline active,3,5,11,0,Contact streak: 5/11 over last 3 games,"platoon edge; pitcher baseline 0.0% barrel, 0.0 HR allowed",neutral batted-ball profile; pitcher fly-ball pressure modest,,
703607,Henry Bolte,ATH,AZ,2026-07-22T01:40:00Z,Scheduled,8,Kohl Drake,684442,L,R,6.1,0.086,89.9,104.0192,0.342,0.115,0.296,76.8,73.0,32.8,17.6,46.2,3.0,,,,,,,,,,Chase Field,101,105,9,260 deg,Open-Meteo forecast; MLB fallback,https://forecast.weather.gov/MapClick.php?lat=33.4455&lon=-112.0667,22,1,No,No,8,Yes,Yes,RotoWire projected lineup; MLB probable pitchers,lineup projected / unconfirmed,H:2026 P:,,,Direct BvP not yet weighted; 2026/2025 Statcast baseline active,7,2,21,0,"Last 7 games: 2/21, 0 HR","platoon edge; pitcher baseline 0.0% barrel, 0.0 HR allowed",neutral batted-ball profile; pitcher fly-ball pressure modest,,
675961,Alika Williams,ATH,AZ,2026-07-22T01:40:00Z,Scheduled,9,Kohl Drake,684442,L,R,0.0,0.166,86.0,97.5696,0.268,0.06,0.227,69.4,4.5,37.5,21.9,36.5,2.0,,,,,,,,,,Chase Field,101,105,9,260 deg,Open-Meteo forecast; MLB fallback,https://forecast.weather.gov/MapClick.php?lat=33.4455&lon=-112.0667,22,1,No,No,9,Yes,Yes,RotoWire projected lineup; MLB probable pitchers,lineup projected / unconfirmed,H:2026 P:,,,Direct BvP not yet weighted; 2026/2025 Statcast baseline active,7,2,13,0,"Last 7 games: 2/13, 0 HR","platoon edge; pitcher baseline 0.0% barrel, 0.0 HR allowed",neutral batted-ball profile; pitcher fly-ball pressure modest,,
682829,Elly De La Cruz,CIN,SEA,2026-07-22T01:40:00Z,Scheduled,1,Luis Castillo,622491,R,S,13.38,0.2089,93.38,104.3437,0.4695,0.2017,0.3528,74.99,50.18,36.08,25.73,50.01,17.8,9.77,44.44,90.23,0.4278,0.173,27.44,15.3,15.3,15.3,T-Mobile Park,96,77,4,294 deg,Open-Meteo forecast; MLB fallback,https://forecast.weather.gov/MapClick.php?lat=47.5914&lon=-122.3325,63,0,No,No,1,Yes,Yes,RotoWire projected lineup; MLB probable pitchers,lineup projected / unconfirmed,H:2026/2025 P:2026/2025,,,Direct BvP not yet weighted; 2026/2025 Statcast baseline active,7,11,30,2,Hot streak: 2 HR in last 7 games,"switch hitter; pitcher baseline 9.8% barrel, 15.3 HR allowed",EV profile; pitcher fly-ball pressure modest,,
701398,Sal Stewart,CIN,SEA,2026-07-22T01:40:00Z,Scheduled,2,Luis Castillo,622491,R,R,15.59,0.2403,91.97,101.7028,0.5201,0.2575,0.3653,72.45,28.47,38.29,32.37,44.31,15.5,9.77,44.44,90.23,0.4278,0.173,27.44,15.3,15.3,15.3,T-Mobile Park,96,77,4,294 deg,Open-Meteo forecast; MLB fallback,https://forecast.weather.gov/MapClick.php?lat=47.5914&lon=-122.3325,63,0,No,No,2,Yes,Yes,RotoWire projected lineup; MLB probable pitchers,lineup projected / unconfirmed,H:2026/2025 P:2026/2025,,,Direct BvP not yet weighted; 2026/2025 Statcast baseline active,7,6,28,1,"Last 7 games: 6/28, 1 HR","same-side matchup; pitcher baseline 9.8% barrel, 15.3 HR allowed",neutral batted-ball profile; pitcher fly-ball pressure modest,,
668709,JJ Bleday,CIN,SEA,2026-07-22T01:40:00Z,Scheduled,3,Luis Castillo,622491,R,L,9.13,0.2249,88.91,100.0651,0.4185,0.1781,0.3355,73.24,29.43,46.44,31.94,40.87,15.4,9.77,44.44,90.23,0.4278,0.173,27.44,15.3,15.3,15.3,T-Mobile Park,96,77,4,294 deg,Open-Meteo forecast; MLB fallback,https://forecast.weather.gov/MapClick.php?lat=47.5914&lon=-122.3325,63,0,No,No,3,Yes,Yes,RotoWire projected lineup; MLB probable pitchers,lineup projected / unconfirmed,H:2026/2025 P:2026/2025,,,Direct BvP not yet weighted; 2026/2025 Statcast baseline active,7,6,25,2,Hot streak: 2 HR in last 7 games,"platoon edge; pitcher baseline 9.8% barrel, 15.3 HR allowed",neutral batted-ball profile; pitcher fly-ball pressure modest,,
668715,Spencer Steer,CIN,SEA,2026-07-22T01:40:00Z,Scheduled,4,Luis Castillo,622491,R,R,11.24,0.1828,88.98,99.0489,0.4296,0.191,0.3294,71.04,7.66,46.1,29.53,37.68,17.5,9.77,44.44,90.23,0.4278,0.173,27.44,15.3,15.3,15.3,T-Mobile Park,96,77,4,294 deg,Open-Meteo forecast; MLB fallback,https://forecast.weather.gov/MapClick.php?lat=47.5914&lon=-122.3325,63,0,No,No,4,Yes,Yes,RotoWire projected lineup; MLB probable pitchers,lineup projected / unconfirmed,H:2026/2025 P:2026/2025,,,Direct BvP not yet weighted; 2026/2025 Statcast baseline active,7,8,27,2,Hot streak: 2 HR in last 7 games,"same-side matchup; pitcher baseline 9.8% barrel, 15.3 HR allowed",neutral batted-ball profile; pitcher fly-ball pressure modest,,
553993,Eugenio Suarez,CIN,SEA,2026-07-22T01:40:00Z,Scheduled,5,Luis Castillo,622491,R,R,11.29,0.2182,88.8,99.8113,0.365,0.1694,0.2801,71.74,20.55,47.61,33.06,36.4,23.1,9.77,44.44,90.23,0.4278,0.173,27.44,15.3,15.3,15.3,T-Mobile Park,96,77,4,294 deg,Open-Meteo forecast; MLB fallback,https://forecast.weather.gov/MapClick.php?lat=47.5914&lon=-122.3325,63,0,No,No,5,Yes,Yes,RotoWire projected lineup; MLB probable pitchers,lineup projected / unconfirmed,H:2026/2025 P:2026/2025,,,Direct BvP not yet weighted; 2026/2025 Statcast baseline active,7,7,26,3,Hot streak: 3 HR in last 7 games,"same-side matchup; pitcher baseline 9.8% barrel, 15.3 HR allowed",neutral batted-ball profile; pitcher fly-ball pressure modest,,
663886,Tyler Stephenson,CIN,SEA,2026-07-22T01:40:00Z,Scheduled,6,Luis Castillo,622491,R,R,12.26,0.1599,90.78,100.5695,0.4459,0.2061,0.3333,70.87,8.75,38.2,32.52,46.75,9.5,9.77,44.44,90.23,0.4278,0.173,27.44,15.3,15.3,15.3,T-Mobile Park,96,77,4,294 deg,Open-Meteo forecast; MLB fallback,https://forecast.weather.gov/MapClick.php?lat=47.5914&lon=-122.3325,63,0,No,No,6,Yes,Yes,RotoWire projected lineup; MLB probable pitchers,lineup projected / unconfirmed,H:2026/2025 P:2026/2025,,,Direct BvP not yet weighted; 2026/2025 Statcast baseline active,7,8,24,2,Hot streak: 2 HR in last 7 games,"same-side matchup; pitcher baseline 9.8% barrel, 15.3 HR allowed",neutral batted-ball profile; pitcher fly-ball pressure modest,,
682622,Noelvi Marte,CIN,SEA,2026-07-22T01:40:00Z,Scheduled,7,Luis Castillo,622491,R,R,7.21,0.1822,88.01,99.5834,0.3634,0.1457,0.276,72.81,30.47,46.53,19.87,31.12,8.4,9.77,44.44,90.23,0.4278,0.173,27.44,15.3,15.3,15.3,T-Mobile Park,96,77,4,294 deg,Open-Meteo forecast; MLB fallback,https://forecast.weather.gov/MapClick.php?lat=47.5914&lon=-122.3325,63,0,No,No,7,Yes,Yes,RotoWire projected lineup; MLB probable pitchers,lineup projected / unconfirmed,H:2026/2025 P:2026/2025,,,Direct BvP not yet weighted; 2026/2025 Statcast baseline active,7,2,16,0,"Last 7 games: 2/16, 0 HR","same-side matchup; pitcher baseline 9.8% barrel, 15.3 HR allowed",neutral batted-ball profile; pitcher fly-ball pressure modest,,
695490,Edwin Arroyo,CIN,SEA,2026-07-22T01:40:00Z,Scheduled,8,Luis Castillo,622491,R,S,1.2,0.046,87.2,95.9516,0.373,0.073,0.316,69.3,5.8,44.2,15.1,25.6,0.0,9.77,44.44,90.23,0.4278,0.173,27.44,15.3,15.3,15.3,T-Mobile Park,96,77,4,294 deg,Open-Meteo forecast; MLB fallback,https://forecast.weather.gov/MapClick.php?lat=47.5914&lon=-122.3325,63,0,No,No,8,Yes,Yes,RotoWire projected lineup; MLB probable pitchers,lineup projected / unconfirmed,H:2026 P:2026/2025,,,Direct BvP not yet weighted; 2026/2025 Statcast baseline active,7,5,20,0,"Last 7 games: 5/20, 0 HR","switch hitter; pitcher baseline 9.8% barrel, 15.3 HR allowed",neutral batted-ball profile; pitcher fly-ball pressure modest,,
670770,TJ Friedl,CIN,SEA,2026-07-22T01:40:00Z,Scheduled,9,Luis Castillo,622491,R,L,2.84,0.0967,87.24,97.2152,0.2708,0.0746,0.2587,70.53,9.26,39.6,23.0,29.02,6.3,9.77,44.44,90.23,0.4278,0.173,27.44,15.3,15.3,15.3,T-Mobile Park,96,77,4,294 deg,Open-Meteo forecast; MLB fallback,https://forecast.weather.gov/MapClick.php?lat=47.5914&lon=-122.3325,63,0,No,No,9,Yes,Yes,RotoWire projected lineup; MLB probable pitchers,lineup projected / unconfirmed,H:2026/2025 P:2026/2025,,,Direct BvP not yet weighted; 2026/2025 Statcast baseline active,7,3,20,0,"Last 7 games: 3/20, 0 HR","platoon edge; pitcher baseline 9.8% barrel, 15.3 HR allowed",neutral batted-ball profile; pitcher fly-ball pressure modest,,
641487,J.P. Crawford,SEA,CIN,2026-07-22T01:40:00Z,Scheduled,1,Chase Burns,695505,R,L,6.16,0.1274,87.9,98.4118,0.3762,0.1256,0.3311,71.31,18.95,35.7,20.09,35.75,10.6,9.29,39.89,89.5,0.356,0.1474,29.29,9.9,9.9,9.9,T-Mobile Park,96,77,4,294 deg,Open-Meteo forecast; MLB fallback,https://forecast.weather.gov/MapClick.php?lat=47.5914&lon=-122.3325,63,0,No,No,1,Yes,Yes,RotoWire projected lineup; MLB probable pitchers,lineup projected / unconfirmed,H:2026/2025 P:2026/2025,,,Direct BvP not yet weighted; 2026/2025 Statcast baseline active,7,6,25,0,"Last 7 games: 6/25, 0 HR","platoon edge; pitcher baseline 9.3% barrel, 9.9 HR allowed",neutral batted-ball profile; pitcher fly-ball pressure modest,,
677594,Julio Rodriguez,SEA,CIN,2026-07-22T01:40:00Z,Scheduled,2,Chase Burns,695505,R,R,9.1,0.1748,90.68,102.8827,0.4678,0.1985,0.3447,76.54,66.21,36.81,24.86,45.34,19.4,9.29,39.89,89.5,0.356,0.1474,29.29,9.9,9.9,9.9,T-Mobile Park,96,77,4,294 deg,Open-Meteo forecast; MLB fallback,https://forecast.weather.gov/MapClick.php?lat=47.5914&lon=-122.3325,63,0,No,No,2,Yes,Yes,RotoWire projected lineup; MLB probable pitchers,lineup projected / unconfirmed,H:2026/2025 P:2026/2025,,,Direct BvP not yet weighted; 2026/2025 Statcast baseline active,7,8,23,0,Contact streak: 8/23 over last 7 games,"same-side matchup; pitcher baseline 9.3% barrel, 9.9 HR allowed",neutral batted-ball profile; pitcher fly-ball pressure modest,,
668227,Randy Arozarena,SEA,CIN,2026-07-22T01:40:00Z,Scheduled,3,Chase Burns,695505,R,R,8.91,0.1726,91.23,101.0229,0.4198,0.1669,0.3445,71.32,24.48,33.98,22.28,44.72,15.8,9.29,39.89,89.5,0.356,0.1474,29.29,9.9,9.9,9.9,T-Mobile Park,96,77,4,294 deg,Open-Meteo forecast; MLB fallback,https://forecast.weather.gov/MapClick.php?lat=47.5914&lon=-122.3325,63,0,No,No,3,Yes,Yes,RotoWire projected lineup; MLB probable pitchers,lineup projected / unconfirmed,H:2026/2025 P:2026/2025,,,Direct BvP not yet weighted; 2026/2025 Statcast baseline active,7,6,24,1,"Last 7 games: 6/24, 1 HR","same-side matchup; pitcher baseline 9.3% barrel, 9.9 HR allowed",neutral batted-ball profile; pitcher fly-ball pressure modest,,
663728,Cal Raleigh,SEA,CIN,2026-07-22T01:40:00Z,Scheduled,4,Chase Burns,695505,R,S,13.9,0.2034,88.99,100.0036,0.4112,0.2194,0.3115,74.85,51.83,52.4,43.48,37.35,25.0,9.29,39.89,89.5,0.356,0.1474,29.29,9.9,9.9,9.9,T-Mobile Park,96,77,4,294 deg,Open-Meteo forecast; MLB fallback,https://forecast.weather.gov/MapClick.php?lat=47.5914&lon=-122.3325,63,0,No,No,4,Yes,Yes,RotoWire projected lineup; MLB probable pitchers,lineup projected / unconfirmed,H:2026/2025 P:2026/2025,,,Direct BvP not yet weighted; 2026/2025 Statcast baseline active,7,3,25,1,"Last 7 games: 3/25, 1 HR","switch hitter; pitcher baseline 9.3% barrel, 9.9 HR allowed",fly-ball profile; pitcher fly-ball pressure modest,,
686527,Dominic Canzone,SEA,CIN,2026-07-22T01:40:00Z,Scheduled,5,Chase Burns,695505,R,L,14.57,0.2307,92.65,103.1754,0.5148,0.2388,0.3676,74.29,44.96,40.67,26.37,48.93,13.8,9.29,39.89,89.5,0.356,0.1474,29.29,9.9,9.9,9.9,T-Mobile Park,96,77,4,294 deg,Open-Meteo forecast; MLB fallback,https://forecast.weather.gov/MapClick.php?lat=47.5914&lon=-122.3325,63,0,No,No,5,Yes,Yes,RotoWire projected lineup; MLB probable pitchers,lineup projected / unconfirmed,H:2026/2025 P:2026/2025,,,Direct BvP not yet weighted; 2026/2025 Statcast baseline active,7,6,28,1,"Last 7 games: 6/28, 1 HR","platoon edge; pitcher baseline 9.3% barrel, 9.9 HR allowed",EV profile; pitcher fly-ball pressure modest,,
647304,Josh Naylor,SEA,CIN,2026-07-22T01:40:00Z,Scheduled,6,Chase Burns,695505,R,L,5.3,0.1187,88.08,99.2053,0.4052,0.1352,0.3238,70.51,11.25,41.78,22.92,38.19,11.6,9.29,39.89,89.5,0.356,0.1474,29.29,9.9,9.9,9.9,T-Mobile Park,96,77,4,294 deg,Open-Meteo forecast; MLB fallback,https://forecast.weather.gov/MapClick.php?lat=47.5914&lon=-122.3325,63,0,No,No,6,Yes,Yes,RotoWire projected lineup; MLB probable pitchers,lineup projected / unconfirmed,H:2026/2025 P:2026/2025,,,Direct BvP not yet weighted; 2026/2025 Statcast baseline active,7,7,25,0,"Last 7 games: 7/25, 0 HR","platoon edge; pitcher baseline 9.3% barrel, 9.9 HR allowed",neutral batted-ball profile; pitcher fly-ball pressure modest,,
670042,Luke Raley,SEA,CIN,2026-07-22T01:40:00Z,Scheduled,7,Chase Burns,695505,R,L,14.8,0.1916,90.27,102.1273,0.4588,0.2155,0.3386,74.78,51.18,47.2,27.0,45.73,11.7,9.29,39.89,89.5,0.356,0.1474,29.29,9.9,9.9,9.9,T-Mobile Park,96,77,4,294 deg,Open-Meteo forecast; MLB fallback,https://forecast.weather.gov/MapClick.php?lat=47.5914&lon=-122.3325,63,0,No,No,7,Yes,Yes,RotoWire projected lineup; MLB probable pitchers,lineup projected / unconfirmed,H:2026/2025 P:2026/2025,,,Direct BvP not yet weighted; 2026/2025 Statcast baseline active,7,5,20,1,"Last 7 games: 5/20, 1 HR","platoon edge; pitcher baseline 9.3% barrel, 9.9 HR allowed",neutral batted-ball profile; pitcher fly-ball pressure modest,,
702284,Cole Young,SEA,CIN,2026-07-22T01:40:00Z,Scheduled,8,Chase Burns,695505,R,L,5.46,0.1346,88.23,98.9647,0.404,0.1429,0.3222,71.61,22.44,43.59,27.15,36.63,10.3,9.29,39.89,89.5,0.356,0.1474,29.29,9.9,9.9,9.9,T-Mobile Park,96,77,4,294 deg,Open-Meteo forecast; MLB fallback,https://forecast.weather.gov/MapClick.php?lat=47.5914&lon=-122.3325,63,0,No,No,8,Yes,Yes,RotoWire projected lineup; MLB probable pitchers,lineup projected / unconfirmed,H:2026/2025 P:2026/2025,,,Direct BvP not yet weighted; 2026/2025 Statcast baseline active,7,7,25,3,Hot streak: 3 HR in last 7 games,"platoon edge; pitcher baseline 9.3% barrel, 9.9 HR allowed",neutral batted-ball profile; pitcher fly-ball pressure modest,,
806068,Colt Emerson,SEA,CIN,2026-07-22T01:40:00Z,Scheduled,9,Chase Burns,695505,R,L,5.9,0.179,86.4,97.1528,0.286,0.111,0.242,72.4,24.2,37.6,22.8,30.7,7.0,9.29,39.89,89.5,0.356,0.1474,29.29,9.9,9.9,9.9,T-Mobile Park,96,77,4,294 deg,Open-Meteo forecast; MLB fallback,https://forecast.weather.gov/MapClick.php?lat=47.5914&lon=-122.3325,63,0,No,No,9,Yes,Yes,RotoWire projected lineup; MLB probable pitchers,lineup projected / unconfirmed,H:2026 P:2026/2025,,,Direct BvP not yet weighted; 2026/2025 Statcast baseline active,7,3,22,0,"Last 7 games: 3/22, 0 HR","platoon edge; pitcher baseline 9.3% barrel, 9.9 HR allowed",neutral batted-ball profile; pitcher fly-ball pressure modest,,
